0 1 -0.000108485 0.000385376 -0.000414444 0.00010854 1 -0.000142549 5.87792e-05 -0.000385361 0.000142591 1 -0.00153744 
7 0.999746 -0.005497 -0.0218544 0.00444646 0.00546056 0.999984 -0.00172695 0.123176 0.0218636 0.00160717 0.99976 -2.58339 
12 0.997934 -0.00280101 -0.0641804 0.0925306 0.00227136 0.999963 -0.00832402 0.245013 0.0642013 0.00816105 0.997904 -4.83509 
16 0.993555 -0.00465114 -0.113253 0.281631 0.00326104 0.999917 -0.0124565 0.359994 0.113301 0.0120069 0.993488 -6.58749 
19 0.985523 0.00232755 -0.169524 0.567723 -0.0035433 0.99997 -0.00686939 0.391291 0.169503 0.00737061 0.985502 -7.86061 
22 0.971634 0.00876278 -0.236328 1.03774 -0.0107068 0.999919 -0.00694383 0.482989 0.236248 0.00927718 0.971649 -9.19248 
24 0.955657 0.00434652 -0.29445 1.51761 -0.0077528 0.999916 -0.010402 0.55181 0.29438 0.0122235 0.95561 -10.0026 
27 0.925659 0.0111347 -0.378195 2.3165 -0.0147809 0.999868 -0.00673941 0.624957 0.37807 0.0118285 0.925702 -11.1273 
29 0.895789 0.0192911 -0.444061 3.01043 -0.0228855 0.999734 -0.00273532 0.626038 0.44389 0.0126128 0.895993 -11.8028 
31 0.863227 0.0271422 -0.504085 3.68472 -0.034131 0.999407 -0.00463545 0.752171 0.50366 0.0212064 0.863642 -12.4373 
34 0.81604 0.0295886 -0.577237 4.68719 -0.0378413 0.999281 -0.00227403 0.762746 0.576755 0.0236991 0.816573 -13.0057 
35 0.781293 0.0376289 -0.623029 5.34198 -0.0496927 0.998763 -0.00199389 0.828904 0.622183 0.0325178 0.782196 -13.3396 
37 0.744449 0.042057 -0.666353 6.00449 -0.05967 0.998211 -0.00366097 0.927284 0.665008 0.0424867 0.745627 -13.6276 
38 0.703465 0.0463441 -0.709217 6.71298 -0.0686007 0.99764 -0.0028531 0.995506 0.707411 0.0506599 0.704985 -13.8568 
40 0.658642 0.0448324 -0.75112 7.47459 -0.0735805 0.997277 -0.00499643 1.08685 0.74885 0.0585586 0.660147 -14.0309 
41 0.60847 0.0435235 -0.792382 8.28468 -0.0799768 0.996774 -0.00666399 1.18582 0.789536 0.0674271 0.609988 -14.1216 
43 0.56462 0.0506187 -0.823798 8.94146 -0.0851521 0.996364 0.00286002 1.10745 0.820947 0.0685332 0.566877 -14.2528 
44 0.514887 0.0510478 -0.855737 9.68533 -0.0942689 0.995543 0.00266728 1.2015 0.852059 0.079296 0.517404 -14.3243 
46 0.433237 0.0412632 -0.900335 10.8439 -0.0868321 0.996215 0.00387424 1.20107 0.897087 0.0764995 0.43518 -13.9511 
48 0.399891 0.0278007 -0.916141 11.3354 -0.0864552 0.996227 -0.00750638 1.40301 0.912476 0.0822069 0.400786 -14.2341 
50 0.338197 0.0198549 -0.940866 12.0493 -0.0833515 0.99648 -0.00893238 1.49653 0.937377 0.0814435 0.338662 -13.9926 
52 0.389253 -0.0858339 -0.917123 8.28929 -0.0949777 0.986602 -0.132648 5.07812 0.916221 0.13874 0.375885 -12.796 
53 0.443171 -0.096282 -0.891252 4.31037 -0.0931336 0.98389 -0.1526 5.86941 0.891586 0.150633 0.427064 -11.3123 
55 0.39942 -0.0968746 -0.911635 5.20748 -0.0909046 0.985316 -0.144533 5.71529 0.91225 0.140601 0.384749 -12.0828 
58 0.33225 -0.10786 -0.937004 6.06564 -0.0925993 0.98491 -0.146209 5.81442 0.938635 0.135344 0.317248 -12.9387 
61 0.277421 -0.108789 -0.954569 7.03813 -0.0998851 0.984918 -0.141277 5.85558 0.955542 0.13454 0.262371 -14.0096 
64 0.220957 -0.114797 -0.968504 7.8142 -0.103692 0.984655 -0.140368 5.97098 0.969756 0.131441 0.205663 -14.8279 
67 0.174105 -0.112202 -0.978314 8.45271 -0.100722 0.986248 -0.131036 5.90627 0.979562 0.121351 0.16041 -15.4199 
70 0.139439 -0.109419 -0.984167 9.01101 -0.106119 0.986502 -0.124713 5.95862 0.984528 0.121829 0.125945 -16.513 
73 0.108547 -0.111398 -0.98783 9.47927 -0.109659 0.986295 -0.123275 6.07908 0.988025 0.121706 0.0948433 -17.2812 
76 0.0781931 -0.111715 -0.990659 9.92932 -0.115345 0.986014 -0.120296 6.21862 0.990243 0.123674 0.0642136 -17.9783 
79 0.0443474 -0.110456 -0.992891 10.5914 -0.116874 0.986471 -0.114961 6.24261 0.992156 0.121141 0.030838 -18.9394 
82 0.0112434 -0.104364 -0.994476 11.221 -0.117847 0.987469 -0.104961 6.21294 0.992968 0.118376 -0.00119651 -19.7057 
85 -0.021825 -0.099768 -0.994771 11.8519 -0.122779 0.987744 -0.0963695 6.26508 0.992194 0.120033 -0.0338069 -20.4387 
88 -0.0572653 -0.093032 -0.994015 12.5562 -0.127991 0.988117 -0.0851064 6.31388 0.990121 0.122351 -0.068492 -21.1164 
91 -0.0908249 -0.0991201 -0.990922 13.1906 -0.139771 0.986454 -0.0858622 6.65291 0.98601 0.130704 -0.103449 -21.7373 
94 -0.124842 -0.10129 -0.986993 13.9336 -0.152069 0.984975 -0.0818483 6.95592 0.980454 0.139873 -0.13837 -22.4335 
97 -0.159433 -0.102379 -0.981886 14.6885 -0.15584 0.984747 -0.077373 7.07516 0.974831 0.140681 -0.172956 -23.1151 
99 -0.179648 -0.109154 -0.977656 15.1396 -0.154615 0.984606 -0.0815184 7.13858 0.971504 0.136516 -0.193759 -23.6255 
101 -0.198652 -0.115982 -0.973183 15.5746 -0.153373 0.984418 -0.0860136 7.19953 0.967995 0.132174 -0.213345 -24.1406 
103 -0.218672 -0.118935 -0.968523 16.0465 -0.152712 0.984485 -0.086416 7.22976 0.963775 0.129008 -0.233442 -24.6325 
105 -0.242334 -0.121831 -0.962513 16.6198 -0.155485 0.984138 -0.0854217 7.34427 0.957653 0.128955 -0.257433 -25.0487 
107 -0.270992 -0.128258 -0.953999 17.3267 -0.159962 0.983303 -0.0867594 7.53596 0.949197 0.129092 -0.286983 -25.3455 
109 -0.302707 -0.131999 -0.943899 18.1359 -0.161935 0.983086 -0.0855466 7.63263 0.939226 0.126954 -0.318962 -25.5612 
110 -0.319914 -0.132682 -0.93811 18.5768 -0.162093 0.983212 -0.0837847 7.6458 0.933478 0.125257 -0.336051 -25.6448 
112 -0.356765 -0.134082 -0.924522 19.5402 -0.159452 0.983864 -0.0811569 7.58288 0.920486 0.118463 -0.372388 -25.7623 
114 -0.39287 -0.137858 -0.909202 20.5081 -0.160716 0.983776 -0.0797189 7.65394 0.905441 0.114804 -0.408652 -25.8147 
116 -0.430713 -0.141455 -0.891334 21.5398 -0.163648 0.983509 -0.0770054 7.76819 0.887528 0.112698 -0.446758 -25.7896 
118 -0.467005 -0.144127 -0.87243 22.5495 -0.165943 0.983383 -0.0736292 7.86589 0.868544 0.110388 -0.483162 -25.7407 
120 -0.503477 -0.148241 -0.851197 23.5815 -0.169102 0.983025 -0.0711767 8.00463 0.847299 0.108103 -0.519998 -25.6339 
122 -0.539543 -0.150107 -0.828469 24.6304 -0.165735 0.983662 -0.07029 7.93236 0.825485 0.0993819 -0.555606 -25.5396 
124 -0.572834 -0.153535 -0.805163 25.614 -0.160572 0.984287 -0.0734528 7.82093 0.803789 0.0872106 -0.588487 -25.4678 
126 -0.605535 -0.162434 -0.779065 26.5987 -0.163165 0.983492 -0.078235 7.987 0.778913 0.0797425 -0.622042 -25.3053 
128 -0.635575 -0.170503 -0.752977 27.5255 -0.168539 0.982427 -0.0801982 8.24145 0.753419 0.0759338 -0.653142 -25.1558 
130 -0.663423 -0.168572 -0.729008 28.4251 -0.168598 0.982914 -0.0738545 8.26833 0.729002 0.0739124 -0.680509 -25.0621 
132 -0.689766 -0.169275 -0.703966 29.2981 -0.167055 0.98326 -0.0727486 8.25956 0.704497 0.0674218 -0.706498 -25.003 
134 -0.71332 -0.16643 -0.68079 30.121 -0.162364 0.98421 -0.0704834 8.12544 0.681771 0.0602584 -0.729079 -25.0492 
137 -0.742027 -0.162384 -0.650405 31.145 -0.157109 0.985322 -0.0667605 7.98435 0.651699 0.0526465 -0.756648 -25.3071 
140 -0.763362 -0.154447 -0.627235 31.9612 -0.151233 0.986741 -0.0589141 7.82017 0.628018 0.0498862 -0.776598 -25.857 
143 -0.777904 -0.148391 -0.610611 32.5477 -0.14353 0.987989 -0.0572476 7.58116 0.611771 0.0431075 -0.789859 -26.6977 
146 -0.786568 -0.149702 -0.599082 32.9306 -0.139244 0.988181 -0.0641119 7.47706 0.601599 0.0329901 -0.798117 -27.9171 
149 -0.791042 -0.156429 -0.591424 33.1451 -0.14133 0.987333 -0.0721127 7.62999 0.595212 0.0265418 -0.80313 -29.2521 
152 -0.794651 -0.153702 -0.587286 33.3273 -0.140007 0.987739 -0.069065 7.66813 0.590701 0.0273416 -0.806427 -30.7097 
155 -0.797435 -0.150216 -0.584408 33.4718 -0.139859 0.988155 -0.0631565 7.7828 0.586973 0.0313713 -0.808999 -32.2478 
158 -0.797564 -0.143942 -0.585809 33.4846 -0.134631 0.989093 -0.0597379 7.65193 0.588019 0.0312233 -0.808244 -34.0257 
160 -0.796805 -0.140736 -0.587619 33.4417 -0.131437 0.98958 -0.0587787 7.56574 0.589768 0.0303999 -0.807 -35.2781 
162 -0.795874 -0.140086 -0.589034 33.3887 -0.131478 0.989638 -0.0577133 7.63839 0.591015 0.0315124 -0.806045 -36.5291 
164 -0.795198 -0.140285 -0.589898 33.3717 -0.132451 0.989562 -0.0567812 7.75869 0.591706 0.0329805 -0.805479 -37.7982 
167 -0.79373 -0.141763 -0.591519 33.2771 -0.132543 0.989404 -0.059267 7.83354 0.593653 0.03136 -0.80411 -39.7289 
170 -0.791945 -0.146075 -0.592863 33.179 -0.13409 0.988866 -0.0645291 7.94164 0.595688 0.0283932 -0.802714 -41.7312 
173 -0.790455 -0.144288 -0.595283 33.078 -0.133984 0.989053 -0.0618188 8.06811 0.597686 0.0308936 -0.801135 -43.7689 
176 -0.78832 -0.140115 -0.599098 32.9212 -0.131227 0.989609 -0.0587731 8.06824 0.601108 0.0322856 -0.798515 -45.9147 
178 -0.784928 -0.1352 -0.604656 32.6765 -0.126966 0.99029 -0.0566084 7.97418 0.606438 0.0323372 -0.794473 -48.2372 
180 -0.781193 -0.133369 -0.609878 32.3652 -0.126158 0.990484 -0.055005 8.06335 0.61141 0.0339714 -0.790584 -50.5041 
183 -0.776748 -0.133867 -0.61542 32.014 -0.124662 0.990496 -0.0581128 8.02269 0.617351 0.0315803 -0.786054 -52.8989 
185 -0.772418 -0.134357 -0.62074 31.6612 -0.124702 0.990426 -0.0592014 8.11276 0.622752 0.0316792 -0.781778 -55.2988 
187 -0.767764 -0.133101 -0.626755 31.2607 -0.123456 0.990586 -0.059135 8.15242 0.628726 0.0319751 -0.776969 -57.7604 
190 -0.762943 -0.132628 -0.632715 30.8284 -0.124914 0.990528 -0.057008 8.40741 0.634283 0.035541 -0.772284 -60.24 
192 -0.758031 -0.131347 -0.638856 30.3694 -0.125584 0.990577 -0.0546494 8.62967 0.640014 0.0388042 -0.767383 -62.7572 
194 -0.753357 -0.126434 -0.645343 29.8981 -0.120575 0.991264 -0.0534502 8.462 0.646464 0.0375454 -0.76202 -65.3339 
196 -0.748161 -0.125143 -0.651609 29.3744 -0.119956 0.991381 -0.0526676 8.56455 0.652584 0.0387603 -0.756725 -67.9155 
198 -0.744617 -0.126074 -0.655477 29.0215 -0.121439 0.991199 -0.0526928 8.75041 0.656352 0.0403646 -0.753375 -69.6423 
200 -0.739517 -0.129495 -0.660565 28.5125 -0.12281 0.990807 -0.0567455 8.83416 0.661841 0.0391597 -0.748621 -72.2612 
202 -0.736537 -0.129716 -0.663842 28.2024 -0.123979 0.990702 -0.0560298 9.0304 0.664938 0.0410346 -0.745771 -73.9725 
203 -0.733877 -0.128024 -0.667109 27.9117 -0.123912 0.990832 -0.0538353 9.19798 0.667885 0.0431541 -0.743012 -75.6684 
205 -0.730819 -0.128109 -0.670441 27.5796 -0.123889 0.99081 -0.0542795 9.27203 0.671234 0.0433916 -0.739975 -77.3825 
206 -0.727858 -0.126853 -0.673893 27.2454 -0.122426 0.99099 -0.0543127 9.25404 0.674711 0.0429702 -0.73683 -79.0896 
209 -0.723749 -0.127306 -0.678219 26.7869 -0.123625 0.990855 -0.0540656 9.48416 0.678899 0.0447152 -0.732868 -81.6168 
211 -0.719721 -0.126355 -0.682668 26.3195 -0.126829 0.990681 -0.0496525 10.0503 0.682581 0.0508464 -0.729039 -84.2195 
214 -0.713814 -0.125383 -0.68902 25.5937 -0.126273 0.990761 -0.0494751 10.1892 0.688858 0.0516887 -0.723051 -87.4758 
217 -0.708211 -0.123443 -0.695125 24.9024 -0.120444 0.991287 -0.0533252 9.72343 0.695651 0.045958 -0.716908 -90.9331 
221 -0.702163 -0.125027 -0.700953 24.1382 -0.12371 0.990912 -0.0528225 10.1918 0.701187 0.0496248 -0.711248 -94.1275 
223 -0.699177 -0.126149 -0.703732 23.7584 -0.123488 0.990825 -0.0549243 10.1568 0.704203 0.0485006 -0.70834 -95.7983 
226 -0.694714 -0.128933 -0.707636 23.19 -0.12459 0.990502 -0.0581571 10.2126 0.708413 0.0477617 -0.70418 -98.2616 
229 -0.690458 -0.128576 -0.711854 22.6152 -0.124813 0.990493 -0.0578424 10.3805 0.712524 0.0489109 -0.699941 -100.755 
232 -0.686165 -0.124613 -0.716694 21.9798 -0.120968 0.991047 -0.0565011 10.2449 0.717318 0.0479276 -0.695096 -103.264 
235 -0.682072 -0.120896 -0.721223 21.367 -0.118808 0.991457 -0.0538361 10.3319 0.72157 0.048967 -0.690608 -105.746 
237 -0.679402 -0.120035 -0.723882 20.9803 -0.120519 0.991386 -0.0512801 10.7257 0.723801 0.0524015 -0.688016 -107.366 
239 -0.676398 -0.118225 -0.726986 20.5288 -0.118569 0.991638 -0.0509461 10.6499 0.72693 0.051738 -0.68476 -109.027 
241 -0.672401 -0.119174 -0.730531 19.9624 -0.117237 0.991642 -0.0538619 10.4271 0.730844 0.0494288 -0.680752 -110.675 
243 -0.668893 -0.118127 -0.733913 19.4259 -0.116692 0.991738 -0.0532712 10.5057 0.734142 0.0500087 -0.677152 -112.38 
245 -0.664714 -0.118804 -0.737591 18.8071 -0.117832 0.99159 -0.0535257 10.6911 0.737747 0.0513327 -0.673123 -114.047 
247 -0.660484 -0.120527 -0.741103 18.1813 -0.119947 0.991293 -0.0543167 10.9407 0.741198 0.0530179 -0.66919 -115.729 
249 -0.656335 -0.120656 -0.744759 17.5499 -0.12141 0.991155 -0.0535793 11.2106 0.744637 0.0552552 -0.665179 -117.261 
252 -0.650117 -0.12068 -0.75019 16.5883 -0.122662 0.991026 -0.0531229 11.5123 0.749868 0.0574834 -0.659085 -119.834 
254 -0.645454 -0.122081 -0.753979 15.8707 -0.122545 0.990908 -0.0555375 11.4286 0.753904 0.0565497 -0.654546 -121.493 
256 -0.640619 -0.121651 -0.758162 15.103 -0.120971 0.99103 -0.0568002 11.2664 0.75827 0.055328 -0.649588 -123.158 
258 -0.635907 -0.124801 -0.761608 14.3827 -0.12374 0.990559 -0.0590012 11.4935 0.761781 0.0567219 -0.645346 -124.779 
260 -0.631178 -0.12571 -0.765383 13.6493 -0.125788 0.990306 -0.0589212 11.7917 0.76537 0.0590859 -0.640872 -126.341 
262 -0.625962 -0.128098 -0.769261 12.81 -0.128589 0.989869 -0.060199 12.1004 0.769179 0.061236 -0.636092 -127.985 
264 -0.621004 -0.128261 -0.773242 12.0023 -0.126907 0.989957 -0.0622872 11.8605 0.773466 0.0594489 -0.631044 -129.633 
266 -0.616157 -0.129551 -0.776896 11.2203 -0.125797 0.989904 -0.0653021 11.6094 0.777512 0.0574947 -0.626234 -131.266 
268 -0.611605 -0.130285 -0.780362 10.4792 -0.125932 0.989804 -0.0665538 11.6203 0.781077 0.0575683 -0.621776 -132.85 
270 -0.607015 -0.130347 -0.783928 9.71714 -0.127519 0.98965 -0.0658116 11.9407 0.784393 0.0600174 -0.617354 -134.432 
272 -0.602493 -0.131106 -0.787282 8.96811 -0.129979 0.989365 -0.0652879 12.3462 0.787469 0.0629946 -0.613126 -136 
274 -0.598202 -0.128683 -0.790946 8.21987 -0.129347 0.989585 -0.0631745 12.5247 0.790837 0.064515 -0.608616 -137.586 
276 -0.594041 -0.127367 -0.794288 7.50164 -0.128359 0.989743 -0.0627098 12.538 0.794128 0.0647018 -0.604297 -139.193 
278 -0.589669 -0.125187 -0.797884 6.74079 -0.126584 0.99003 -0.0617839 12.5152 0.797664 0.0645673 -0.599636 -141.717 
281 -0.583774 -0.123587 -0.802455 5.69079 -0.125604 0.990196 -0.0611266 12.568 0.802142 0.0651076 -0.593573 -143.179 
284 -0.57744 -0.125191 -0.806778 4.60157 -0.128045 0.989832 -0.0619493 12.93 0.80633 0.0675318 -0.587598 -145.513 
286 -0.573361 -0.124088 -0.809851 3.87037 -0.12816 0.98988 -0.0609368 13.1163 0.809217 0.068852 -0.583462 -147.093 
289 -0.567395 -0.123681 -0.814104 2.80674 -0.127558 0.989923 -0.0614898 13.1309 0.813506 0.0689568 -0.577454 -149.438 
292 -0.561258 -0.128466 -0.81761 1.75531 -0.127549 0.989504 -0.067918 12.722 0.817754 0.0661655 -0.571753 -151.793 
294 -0.55809 -0.13287 -0.819073 1.23134 -0.13103 0.988824 -0.0711278 12.9757 0.819369 0.0676272 -0.569263 -153.326 
297 -0.554266 -0.134675 -0.821372 0.560671 -0.132425 0.988522 -0.0727208 13.1525 0.821738 0.0684633 -0.565738 -155.632 
300 -0.550943 -0.129073 -0.824501 -0.11867 -0.129421 0.989229 -0.0683799 13.2643 0.824446 0.0690344 -0.561714 -157.912 
303 -0.54733 -0.12307 -0.827819 -0.899768 -0.12511 0.990046 -0.0644692 13.1955 0.827513 0.0682827 -0.557279 -161.239 
307 -0.543162 -0.118113 -0.831278 -1.72414 -0.120621 0.990763 -0.0619585 12.9638 0.830918 0.0666162 -0.552392 -163.268 
309 -0.540889 -0.118368 -0.832723 -2.15594 -0.118951 0.990862 -0.0635832 12.6783 0.83264 0.0646615 -0.550027 -164.903 
311 -0.53878 -0.118872 -0.834017 -2.555 -0.120492 0.99069 -0.0633644 12.9902 0.833785 0.066353 -0.548088 -166.319 
313 -0.536684 -0.11876 -0.835384 -2.96258 -0.123165 0.990468 -0.0616808 13.6084 0.834746 0.0697867 -0.546195 -167.826 
315 -0.534425 -0.118729 -0.836835 -3.45918 -0.123661 0.990414 -0.0615456 13.7923 0.836121 0.0705923 -0.543984 -170.413 
318 -0.531928 -0.115851 -0.838827 -3.93664 -0.122318 0.99072 -0.0592637 13.9433 0.837909 0.0710793 -0.541163 -171.807 
321 -0.528551 -0.11813 -0.840642 -4.58582 -0.12519 0.99029 -0.0604456 14.3787 0.83962 0.0732915 -0.538207 -174.168 
324 -0.525285 -0.126349 -0.841494 -5.13296 -0.13056 0.989172 -0.0670235 14.6556 0.840851 0.0746592 -0.536093 -176.506 
327 -0.52208 -0.129683 -0.842979 -5.74192 -0.129255 0.988987 -0.0720935 14.0974 0.843045 0.071321 -0.533093 -178.883 
329 -0.52028 -0.131529 -0.843806 -6.08166 -0.128509 0.988875 -0.0749054 13.7985 0.844271 0.0694646 -0.531395 -180.499 
331 -0.518386 -0.130752 -0.845091 -6.48359 -0.127629 0.989003 -0.0747292 13.7699 0.845569 0.0691196 -0.529373 -182.129 
334 -0.515669 -0.12885 -0.847043 -7.08032 -0.134141 0.988577 -0.0687165 15.5099 0.846222 0.0781881 -0.527063 -184.495 
337 -0.513165 -0.127222 -0.848809 -7.63473 -0.133017 0.988793 -0.0677848 15.5753 0.84792 0.078121 -0.524337 -187.019 
340 -0.510564 -0.126076 -0.850546 -8.20544 -0.130133 0.989127 -0.068502 15.1839 0.849935 0.0757093 -0.52142 -189.581 
343 -0.508513 -0.122985 -0.852226 -8.69788 -0.126146 0.989709 -0.0675557 14.7808 0.851764 0.0731518 -0.518793 -192.029 
346 -0.506395 -0.121743 -0.853665 -9.17986 -0.128153 0.989615 -0.0651103 15.4983 0.852726 0.0764282 -0.516737 -194.419 
349 -0.503942 -0.119253 -0.855465 -9.77021 -0.126875 0.9899 -0.0632528 15.6278 0.854368 0.0766611 -0.513983 -196.942 
352 -0.502289 -0.117921 -0.856622 -10.1445 -0.121248 0.990475 -0.0652524 14.5839 0.856157 0.0710881 -0.511802 -199.149 
356 -0.500069 -0.122803 -0.857234 -10.5867 -0.127565 0.989541 -0.0673417 15.6267 0.856538 0.0756776 -0.510504 -202.619 
359 -0.498489 -0.125193 -0.857809 -10.9028 -0.13531 0.988626 -0.0656537 17.3049 0.856271 0.0833423 -0.509759 -205.472 
361 -0.497084 -0.124049 -0.858789 -11.2414 -0.134983 0.988734 -0.0646878 17.5194 0.857139 0.0837669 -0.508229 -208.121 
363 -0.495392 -0.124569 -0.859692 -11.6264 -0.128018 0.989328 -0.0695837 15.868 0.859185 0.0755845 -0.506052 -210.689 
366 -0.494301 -0.126434 -0.860047 -11.8406 -0.13009 0.988984 -0.0706214 16.2527 0.859501 0.0769754 -0.505304 -213.075 
368 -0.492693 -0.127424 -0.860823 -12.2055 -0.13528 0.98841 -0.068883 17.5195 0.859624 0.0825136 -0.504221 -215.233 
370 -0.49125 -0.12797 -0.861567 -12.5073 -0.138862 0.988004 -0.0675737 18.448 0.859878 0.0864435 -0.503127 -217.178 
373 -0.488646 -0.132244 -0.862402 -13.0919 -0.13227 0.98825 -0.0765961 16.3517 0.862398 0.0766413 -0.500396 -220.769 
375 -0.487297 -0.129894 -0.863521 -13.4606 -0.135352 0.988159 -0.0722619 17.5904 0.862683 0.081666 -0.499108 -222.977 
378 -0.485591 -0.128258 -0.864726 -13.9117 -0.136011 0.988217 -0.0701966 18.1059 0.863541 0.0835257 -0.497314 -225.208 
379 -0.484176 -0.12819 -0.865529 -14.2451 -0.134448 0.988361 -0.0711725 17.7504 0.864579 0.0819089 -0.495776 -226.181 
382 -0.482224 -0.132022 -0.866043 -14.6851 -0.131471 0.98829 -0.0774535 16.5546 0.866126 0.0765093 -0.493934 -229.07 
384 -0.48047 -0.134088 -0.8667 -15.0853 -0.131256 0.988107 -0.0801065 16.2651 0.867134 0.0752706 -0.492355 -230.538 
386 -0.479887 -0.133541 -0.867108 -15.1953 -0.133774 0.987929 -0.078113 17.0583 0.867072 0.0785111 -0.491958 -230.686 
388 -0.477841 -0.132837 -0.868345 -15.7803 -0.135066 0.987856 -0.0767938 17.5971 0.868001 0.0805885 -0.48998 -233.233 
390 -0.473949 -0.129897 -0.870918 -16.8528 -0.136466 0.987945 -0.0730875 18.57 0.869913 0.084211 -0.485962 -236.854 
391 -0.473837 -0.131385 -0.870757 -16.8264 -0.136491 0.987815 -0.0747735 18.3896 0.869971 0.0834198 -0.485996 -237.111 
393 -0.471532 -0.132466 -0.871843 -17.4272 -0.135027 0.987841 -0.0770614 17.9022 0.87145 0.0813857 -0.483685 -239 
395 -0.47005 -0.133382 -0.872503 -17.7932 -0.134067 0.987835 -0.0787864 17.57 0.872398 0.0799402 -0.482214 -240.354 
397 -0.468943 -0.132954 -0.873164 -18.0449 -0.13451 0.987824 -0.0781727 17.8299 0.872926 0.080791 -0.481116 -241.121 
399 -0.466457 -0.134176 -0.874308 -18.7398 -0.139826 0.987186 -0.0768995 19.1705 0.873422 0.0863803 -0.479241 -243.094 
401 -0.464505 -0.131949 -0.875685 -19.319 -0.141093 0.987233 -0.0739149 19.9135 0.874258 0.0892195 -0.477192 -244.396 
403 -0.462857 -0.134091 -0.876232 -19.7188 -0.142084 0.986934 -0.0759782 19.9307 0.874972 0.0893317 -0.475861 -245.761 
405 -0.461467 -0.13253 -0.877202 -20.0823 -0.14018 0.98725 -0.0754128 19.674 0.876012 0.0881652 -0.474162 -246.494 
407 -0.459062 -0.133632 -0.878296 -20.7597 -0.139592 0.987192 -0.0772393 19.4085 0.877369 0.0871452 -0.471837 -248.538 
409 -0.456963 -0.134096 -0.87932 -21.3291 -0.13954 0.987138 -0.0780226 19.3766 0.878472 0.0870472 -0.469797 -249.884 
411 -0.455089 -0.132846 -0.88048 -21.8694 -0.137539 0.987429 -0.0778927 19.054 0.879759 0.0856527 -0.46764 -251.243 
413 -0.453133 -0.133528 -0.881386 -22.391 -0.136844 0.987418 -0.0792383 18.805 0.880877 0.0847069 -0.465705 -252.574 
416 -0.44959 -0.132812 -0.883306 -23.3937 -0.138637 0.987276 -0.0778806 19.5008 0.882411 0.0874447 -0.462282 -254.501 
418 -0.447424 -0.131431 -0.884612 -24.0257 -0.139624 0.987279 -0.0760649 20.0487 0.883356 0.0894796 -0.460083 -255.749 
420 -0.444842 -0.130066 -0.886114 -24.7853 -0.13963 0.987372 -0.0748321 20.3021 0.884657 0.0904396 -0.457386 -257.008 
422 -0.44197 -0.128569 -0.887769 -25.6282 -0.136947 0.987745 -0.0748694 19.7911 0.886515 0.0884869 -0.45416 -258.304 
424 -0.439263 -0.126184 -0.889453 -26.445 -0.134466 0.988168 -0.0737811 19.4729 0.888238 0.0871922 -0.451033 -259.568 
426 -0.436637 -0.124338 -0.891004 -27.2304 -0.134616 0.988283 -0.0719445 19.8434 0.889509 0.0885299 -0.448259 -260.808 
428 -0.433113 -0.122615 -0.892961 -28.2788 -0.133003 0.988553 -0.0712304 19.6701 0.891473 0.0879155 -0.444463 -262.06 
430 -0.42874 -0.121442 -0.895228 -29.5688 -0.129333 0.988968 -0.0722187 18.79 0.894122 0.0848198 -0.439717 -263.346 
432 -0.424358 -0.121593 -0.897293 -30.8283 -0.128723 0.98898 -0.0731407 18.6006 0.896298 0.0844647 -0.435333 -264.584 
434 -0.419995 -0.120271 -0.899522 -32.1129 -0.129471 0.988982 -0.0717812 19.0443 0.898244 0.0863143 -0.430939 -265.798 
436 -0.414988 -0.1206 -0.901799 -33.5593 -0.130741 0.988794 -0.0720703 19.354 0.900384 0.087994 -0.426105 -266.659 
439 -0.40833 -0.118922 -0.905055 -35.5355 -0.128562 0.989087 -0.0719614 19.0153 0.903736 0.0869715 -0.419163 -268.7 
442 -0.401326 -0.11792 -0.908313 -37.6074 -0.1257 0.989386 -0.072906 18.329 0.907269 0.0849159 -0.411889 -270.326 
445 -0.392964 -0.118108 -0.911937 -40.0586 -0.134492 0.988435 -0.0700619 20.8956 0.909665 0.0951161 -0.404304 -271.63 
448 -0.38398 -0.110916 -0.916655 -42.8415 -0.131624 0.989195 -0.0645567 21.1346 0.913912 0.0958656 -0.39443 -273.029 
451 -0.373875 -0.106498 -0.921344 -45.896 -0.127401 0.989866 -0.0627203 20.514 0.918687 0.0939309 -0.383654 -274.395 
453 -0.364209 -0.106166 -0.925246 -48.7526 -0.127349 0.989827 -0.0634477 20.4995 0.922569 0.0947208 -0.374024 -275.696 
456 -0.353032 -0.109357 -0.929198 -51.9763 -0.1272 0.989534 -0.0681309 19.9152 0.926924 0.094142 -0.363248 -277.414 
459 -0.345937 -0.109443 -0.931853 -54.0653 -0.125293 0.989667 -0.0697201 19.3588 0.929855 0.0926357 -0.356075 -279.401 
462 -0.340147 -0.110006 -0.933916 -55.7427 -0.126864 0.989423 -0.0703384 19.7334 0.931776 0.0945548 -0.350505 -280.48 
465 -0.334666 -0.111553 -0.935711 -57.3492 -0.128937 0.98905 -0.0717968 20.1452 0.933474 0.0966193 -0.345385 -282.074 
467 -0.330923 -0.11142 -0.937057 -58.463 -0.129355 0.988987 -0.0719131 20.2952 0.93475 0.0974154 -0.341692 -282.936 
469 -0.327332 -0.111081 -0.938357 -59.5354 -0.129506 0.988969 -0.0718957 20.4001 0.935992 0.097989 -0.338107 -283.8 
472 -0.32231 -0.109239 -0.94031 -61.068 -0.128491 0.989175 -0.0708725 20.3972 0.937873 0.0979783 -0.332857 -285.075 
474 -0.319865 -0.108587 -0.94122 -61.8064 -0.128079 0.989248 -0.0706013 20.3971 0.938766 0.0979678 -0.330333 -285.965 
476 -0.317522 -0.109799 -0.941873 -62.482 -0.128242 0.98912 -0.0720743 20.2795 0.939539 0.0979022 -0.328148 -286.864 
478 -0.315859 -0.110048 -0.942403 -62.9494 -0.128628 0.989048 -0.0723839 20.3765 0.940047 0.0983564 -0.326555 -287.491 
481 -0.313282 -0.112074 -0.943024 -63.7072 -0.130857 0.988634 -0.0740227 20.8006 0.940601 0.100211 -0.324387 -289.135 
484 -0.312967 -0.112777 -0.943044 -63.7786 -0.132355 0.988415 -0.0742784 21.2359 0.940497 0.10157 -0.324268 -290.599 
487 -0.311413 -0.112449 -0.943598 -64.2484 -0.132917 0.988367 -0.0739181 21.5246 0.940933 0.102401 -0.322737 -291.964 
490 -0.307623 -0.113175 -0.944754 -65.3888 -0.133201 0.988246 -0.0750129 21.5146 0.942139 0.102767 -0.319082 -293.162 
493 -0.303684 -0.114302 -0.945892 -66.5623 -0.134856 0.98794 -0.0760869 21.8609 0.943181 0.104453 -0.315436 -294.279 
497 -0.298683 -0.111224 -0.947849 -68.1574 -0.132985 0.988346 -0.0740707 21.791 0.945042 0.103926 -0.309993 -295.735 
501 -0.294958 -0.111494 -0.948983 -69.2393 -0.129752 0.988643 -0.0758245 20.7728 0.94666 0.100768 -0.306074 -297.047 
505 -0.291912 -0.112429 -0.949814 -70.2078 -0.128636 0.98866 -0.0774923 20.3284 0.947755 0.0995593 -0.303064 -298.864 
509 -0.291795 -0.116204 -0.949396 -70.1545 -0.130892 0.988106 -0.0807129 20.5269 0.947483 0.100717 -0.303534 -300.57 
512 -0.292298 -0.113967 -0.949512 -70.0361 -0.128557 0.988544 -0.0790768 20.237 0.947647 0.0989528 -0.3036 -301.859 
515 -0.293366 -0.112244 -0.949388 -69.7251 -0.127006 0.988857 -0.0776649 20.1141 0.947526 0.0977934 -0.304353 -303.167 
518 -0.293355 -0.114055 -0.949175 -69.6467 -0.129784 0.988417 -0.0786591 20.7757 0.947153 0.100112 -0.30476 -304.2 
521 -0.294313 -0.113055 -0.948998 -69.386 -0.130222 0.988461 -0.0773705 21.1725 0.946796 0.100809 -0.30564 -305.581 
524 -0.295437 -0.113221 -0.948629 -69.011 -0.127281 0.988766 -0.0783711 20.2843 0.946845 0.0975888 -0.306529 -306.905 
527 -0.295982 -0.11718 -0.947979 -68.7357 -0.128193 0.988341 -0.0821445 20.001 0.946552 0.0972114 -0.307553 -308.147 
530 -0.296338 -0.122291 -0.947222 -68.4592 -0.135423 0.987129 -0.085076 21.5887 0.945433 0.103064 -0.309085 -309.069 
534 -0.299241 -0.121355 -0.946429 -67.5627 -0.138955 0.986848 -0.0826026 23.0493 0.944006 0.106793 -0.312168 -310.9 
537 -0.301276 -0.123989 -0.945442 -66.8214 -0.139159 0.986612 -0.0850439 22.786 0.943328 0.105945 -0.314496 -312.205 
539 -0.302843 -0.122287 -0.945163 -66.3426 -0.136085 0.98712 -0.0841121 22.146 0.943275 0.10315 -0.315583 -313.454 
542 -0.309094 -0.121944 -0.943181 -64.2734 -0.13233 0.987613 -0.0843218 21.1554 0.94178 0.0987476 -0.321402 -315.413 
545 -0.315362 -0.115785 -0.941882 -62.3315 -0.127181 0.988732 -0.078961 20.6556 0.94041 0.094888 -0.326534 -317.257 
548 -0.323232 -0.116372 -0.939137 -59.6724 -0.129926 0.988469 -0.0777672 21.7034 0.937358 0.0968817 -0.334624 -319.076 
551 -0.332228 -0.111091 -0.936634 -56.7326 -0.129245 0.989034 -0.071462 22.6082 0.934302 0.0973137 -0.342943 -320.731 
554 -0.342453 -0.114962 -0.932475 -53.164 -0.131451 0.988586 -0.0736043 22.9878 0.930294 0.0973689 -0.353656 -323.14 
558 -0.352858 -0.109758 -0.929217 -49.6602 -0.130161 0.989198 -0.0674165 23.7096 0.92658 0.0971594 -0.363332 -325.037 
561 -0.361043 -0.11476 -0.925461 -46.7107 -0.133407 0.988548 -0.0705381 24.2151 0.922958 0.0979955 -0.372218 -326.913 
564 -0.368667 -0.118672 -0.921955 -43.9279 -0.137352 0.987885 -0.0722343 25.151 0.919358 0.100002 -0.380501 -328.454 
567 -0.375802 -0.123698 -0.918407 -41.2682 -0.140194 0.987233 -0.0756022 25.4987 0.916034 0.100344 -0.388346 -329.958 
570 -0.384326 -0.12086 -0.915252 -38.2948 -0.136674 0.987918 -0.073064 24.9574 0.913025 0.097011 -0.396201 -331.495 
573 -0.392687 -0.12528 -0.911099 -35.1403 -0.139552 0.987324 -0.0756142 25.436 0.909023 0.0974527 -0.405192 -332.825 
577 -0.402838 -0.12661 -0.906472 -31.4236 -0.138377 0.987427 -0.076422 25.0494 0.90475 0.0946494 -0.415293 -334.757 
580 -0.409431 -0.124094 -0.903862 -29.0712 -0.135981 0.987941 -0.0740411 24.7907 0.90215 0.0925934 -0.421368 -335.822 
583 -0.415933 -0.126664 -0.900531 -26.5935 -0.132843 0.988093 -0.0776235 23.3224 0.89964 0.0873427 -0.427807 -336.946 
586 -0.423004 -0.127929 -0.897052 -23.9248 -0.130775 0.988238 -0.079266 22.4845 0.896641 0.0837823 -0.434758 -338.025 
589 -0.42885 -0.135007 -0.893231 -21.5317 -0.129688 0.987728 -0.0870258 20.9157 0.894018 0.0785201 -0.441096 -339.138 
591 -0.433236 -0.134658 -0.891164 -19.8864 -0.13115 0.98767 -0.0854829 21.6334 0.891687 0.0798415 -0.445555 -339.746 
592 -0.436032 -0.134826 -0.889774 -18.7983 -0.133206 0.987492 -0.0843553 22.4441 0.890018 0.0817418 -0.448537 -339.996 
595 -0.442499 -0.134066 -0.886691 -16.3953 -0.135807 0.987376 -0.0815154 23.7497 0.886426 0.0843486 -0.455121 -340.987 
598 -0.450887 -0.134949 -0.882321 -13.1559 -0.136063 0.987344 -0.0814811 23.8867 0.882149 0.0833126 -0.463542 -342.026 
600 -0.456115 -0.134867 -0.879642 -11.1354 -0.134771 0.987517 -0.0815247 23.528 0.879657 0.0813656 -0.468597 -342.718 
603 -0.46344 -0.134501 -0.875861 -8.31573 -0.131115 0.987942 -0.0823357 22.3418 0.876374 0.0766812 -0.475487 -343.846 
606 -0.472861 -0.133415 -0.870978 -4.66589 -0.131491 0.988087 -0.0799662 22.9021 0.87127 0.076713 -0.484771 -344.856 
609 -0.483039 -0.131268 -0.865703 -0.714523 -0.129126 0.988568 -0.077849 22.6029 0.866025 0.0741807 -0.494467 -345.879 
612 -0.494733 -0.131142 -0.859093 3.92413 -0.128502 0.988721 -0.0769287 22.6284 0.859492 0.0723362 -0.506005 -346.907 
615 -0.504598 -0.129933 -0.853521 7.84901 -0.126734 0.989049 -0.0756401 22.3616 0.854002 0.0700023 -0.515539 -347.909 
618 -0.512457 -0.129072 -0.848957 11.0195 -0.128485 0.989035 -0.0728118 23.4334 0.849046 0.0717652 -0.523421 -348.864 
621 -0.520283 -0.130295 -0.843996 14.2527 -0.128786 0.988961 -0.0732847 23.5088 0.844227 0.0705661 -0.53132 -349.855 
623 -0.526446 -0.129895 -0.840227 16.7822 -0.127682 0.989131 -0.0729152 23.2751 0.840566 0.0688963 -0.53731 -350.527 
625 -0.532454 -0.129473 -0.836498 19.2605 -0.125279 0.989403 -0.073396 22.4952 0.837137 0.0657161 -0.543032 -351.228 
628 -0.5421 -0.131496 -0.829962 23.3595 -0.127002 0.989156 -0.0737658 23.0218 0.830661 0.0654181 -0.552922 -352.181 
631 -0.552797 -0.129767 -0.82315 27.8253 -0.124382 0.989584 -0.0724746 22.5026 0.823981 0.0623217 -0.56318 -353.09 
634 -0.566229 -0.130834 -0.813798 33.6068 -0.12443 0.989575 -0.0725163 22.5751 0.814802 0.0602002 -0.576606 -353.849 
637 -0.581755 -0.131259 -0.802703 40.3761 -0.123819 0.989682 -0.0720972 22.522 0.803884 0.0574468 -0.592005 -354.451 
640 -0.598751 -0.13317 -0.789787 47.9164 -0.125989 0.989464 -0.0713245 23.4106 0.790964 0.0567989 -0.609221 -354.882 
642 -0.610692 -0.135186 -0.780244 53.3291 -0.126994 0.989286 -0.0720072 23.6553 0.781619 0.0551123 -0.621317 -355.037 
644 -0.622201 -0.137788 -0.770636 58.6355 -0.128719 0.988998 -0.0729052 24.0845 0.772203 0.0538339 -0.633091 -355.093 
646 -0.633986 -0.142415 -0.760118 64.2134 -0.131663 0.988425 -0.0753747 24.6197 0.762054 0.0522933 -0.645398 -355.032 
648 -0.64584 -0.143211 -0.749921 69.763 -0.132956 0.988338 -0.0742377 25.2774 0.751807 0.0517608 -0.657349 -354.846 
650 -0.65786 -0.14342 -0.739358 75.4263 -0.133307 0.988374 -0.073112 25.645 0.741248 0.0504638 -0.669331 -354.68 
652 -0.670206 -0.143037 -0.728261 81.3136 -0.132367 0.988557 -0.0723461 25.5381 0.730276 0.047911 -0.68147 -354.384 
654 -0.681559 -0.145066 -0.717239 86.9222 -0.133362 0.988362 -0.0731753 25.7408 0.719508 0.045779 -0.692974 -353.904 
656 -0.692798 -0.144989 -0.706406 92.4174 -0.132817 0.988476 -0.0726253 25.7341 0.708795 0.0435079 -0.704072 -353.655 
658 -0.703806 -0.145416 -0.69535 97.9211 -0.132201 0.988537 -0.0729207 25.5388 0.697983 0.0406036 -0.714962 -353.206 
660 -0.714422 -0.144468 -0.684638 103.248 -0.13153 0.988739 -0.0713848 25.6592 0.687241 0.0390518 -0.725379 -352.707 
662 -0.724552 -0.143905 -0.67403 108.433 -0.131423 0.988863 -0.069848 25.9518 0.676574 0.0379746 -0.735394 -352.087 
664 -0.734271 -0.140473 -0.664164 113.329 -0.129657 0.989366 -0.0659112 26.1753 0.66636 0.037717 -0.744676 -351.662 
666 -0.743074 -0.137791 -0.65487 117.859 -0.126795 0.989836 -0.0643986 25.5914 0.657087 0.0351813 -0.752993 -351.276 
668 -0.751321 -0.132127 -0.646575 122.044 -0.123627 0.990587 -0.0587708 25.6499 0.648254 0.0357784 -0.760583 -350.784 
670 -0.757827 -0.130897 -0.63919 125.491 -0.125128 0.990642 -0.0545177 27.0038 0.640344 0.0386652 -0.767114 -350.689 
672 -0.763301 -0.129977 -0.632833 128.448 -0.126394 0.990667 -0.0510198 28.1307 0.633558 0.0410428 -0.772606 -350.639 
674 -0.767488 -0.129518 -0.627843 130.744 -0.123948 0.990878 -0.0528928 27.045 0.628967 0.0372253 -0.776541 -350.98 
676 -0.771363 -0.128385 -0.623311 132.864 -0.120328 0.991196 -0.0552494 25.4613 0.624917 0.0323848 -0.780019 -351.328 
678 -0.774473 -0.130649 -0.618969 134.709 -0.121883 0.990926 -0.0566574 25.7736 0.620755 0.031562 -0.783369 -351.819 
680 -0.776689 -0.130756 -0.616162 135.973 -0.121738 0.990934 -0.0568329 25.7542 0.618008 0.0308689 -0.785566 -352.478 
682 -0.778689 -0.129557 -0.613888 137.064 -0.121112 0.991084 -0.0555359 25.8573 0.61561 0.0311043 -0.787437 -353.196 
684 -0.780392 -0.129235 -0.611789 138.031 -0.121407 0.991106 -0.0544958 26.2131 0.613391 0.0317476 -0.789141 -353.95 
686 -0.781974 -0.129358 -0.609741 138.975 -0.123383 0.990995 -0.0520067 27.3807 0.610978 0.0345638 -0.790893 -354.599 
688 -0.783187 -0.129144 -0.608227 139.655 -0.124154 0.990975 -0.0505439 28.0058 0.609265 0.0359287 -0.792152 -355.51 
690 -0.78414 -0.127235 -0.607401 140.129 -0.122963 0.991206 -0.04889 27.9956 0.60828 0.036351 -0.79289 -356.495 
692 -0.784785 -0.126085 -0.606807 140.463 -0.121721 0.991375 -0.0485704 27.7101 0.607697 0.035744 -0.793364 -357.562 
694 -0.784964 -0.125356 -0.606727 140.547 -0.120866 0.991484 -0.0484783 27.5057 0.607637 0.035279 -0.793431 -358.727 
696 -0.784514 -0.1239 -0.607608 140.225 -0.121035 0.991585 -0.0459242 28.1303 0.608185 0.0375137 -0.792908 -359.992 
698 -0.783794 -0.124354 -0.608444 139.843 -0.121543 0.991516 -0.0460755 28.3266 0.609012 0.0378384 -0.792258 -361.322 
700 -0.782972 -0.126205 -0.60912 139.442 -0.121042 0.991396 -0.0498194 27.4828 0.610167 0.0347221 -0.791512 -362.72 
702 -0.782036 -0.128645 -0.609812 139.013 -0.120928 0.99119 -0.0540197 26.6635 0.611389 0.0314979 -0.790703 -364.162 
704 -0.781184 -0.130246 -0.610563 138.618 -0.121821 0.990997 -0.0555373 26.695 0.6123 0.0309948 -0.790018 -365.49 
706 -0.780406 -0.132446 -0.611085 138.249 -0.124079 0.990676 -0.0562599 27.399 0.612839 0.0319172 -0.789563 -366.859 
708 -0.779386 -0.134825 -0.611866 137.769 -0.126745 0.990309 -0.0567697 28.2605 0.613591 0.0333056 -0.788922 -368.217 
710 -0.778673 -0.136696 -0.612358 137.448 -0.126678 0.990131 -0.0599423 27.6567 0.614508 0.0308965 -0.788305 -369.627 
712 -0.778193 -0.139248 -0.612394 137.3 -0.128245 0.989797 -0.0620975 27.8058 0.614792 0.0302125 -0.78811 -370.922 
714 -0.778168 -0.140122 -0.612226 137.357 -0.131763 0.989524 -0.0589993 29.688 0.61408 0.0347573 -0.788478 -371.993 
716 -0.778792 -0.140961 -0.611238 137.771 -0.134639 0.989277 -0.0565965 31.247 0.612662 0.0382195 -0.78942 -372.986 
718 -0.779337 -0.142289 -0.610235 138.18 -0.134098 0.989187 -0.0593903 30.5509 0.612087 0.0355464 -0.789991 -374.136 
720 -0.780262 -0.139182 -0.609769 138.59 -0.127179 0.989864 -0.0632018 27.4595 0.612386 0.028236 -0.790055 -375.471 
722 -0.781875 -0.137007 -0.608194 139.474 -0.124673 0.990209 -0.0627872 26.7513 0.610842 0.0267333 -0.791301 -376.448 
724 -0.783192 -0.140461 -0.605707 140.494 -0.13179 0.989517 -0.0590585 30.0322 0.607653 0.033572 -0.793493 -377.1 
726 -0.784738 -0.138583 -0.604137 141.344 -0.133465 0.989601 -0.0536405 31.843 0.605288 0.0385375 -0.795073 -377.879 
728 -0.786369 -0.139963 -0.601693 142.441 -0.13241 0.989547 -0.0571338 30.8046 0.6034 0.034742 -0.796681 -378.8 
730 -0.787977 -0.140783 -0.599393 143.5 -0.130831 0.989561 -0.0604306 29.6171 0.601644 0.0308013 -0.79817 -379.735 
732 -0.789208 -0.142347 -0.597401 144.366 -0.131507 0.989374 -0.0620144 29.5755 0.59988 0.0296201 -0.799542 -380.652 
734 -0.790815 -0.140899 -0.595617 145.326 -0.130481 0.989582 -0.0608534 29.538 0.597985 0.0295928 -0.80096 -381.602 
736 -0.793553 -0.137688 -0.592719 146.886 -0.128363 0.990023 -0.0581246 29.5019 0.594808 0.029958 -0.803309 -382.802 
738 -0.794944 -0.137855 -0.590813 147.795 -0.128244 0.990019 -0.058448 29.4585 0.592973 0.0293052 -0.804689 -383.69 
739 -0.796335 -0.136866 -0.589167 148.648 -0.127764 0.990147 -0.0573268 29.6029 0.591208 0.0296228 -0.805975 -384.575 
741 -0.798055 -0.135292 -0.587201 149.684 -0.127506 0.990318 -0.0548789 30.1197 0.58894 0.0310754 -0.807579 -385.371 
742 -0.799947 -0.134189 -0.584874 150.881 -0.127259 0.990443 -0.0531836 30.4886 0.586421 0.0318863 -0.809379 -386.335 
744 -0.801128 -0.134007 -0.583297 151.638 -0.127487 0.990452 -0.0524516 30.7914 0.584757 0.0323421 -0.810563 -387.019 
745 -0.802201 -0.135519 -0.581471 152.436 -0.129707 0.990197 -0.051833 31.7797 0.582795 0.0338401 -0.811914 -387.855 
747 -0.80326 -0.133818 -0.580402 153.051 -0.128082 0.990446 -0.0510963 31.4417 0.581695 0.0332953 -0.812725 -388.884 
749 -0.804751 -0.134678 -0.578133 154.105 -0.128879 0.990332 -0.0513043 31.7796 0.579454 0.0332222 -0.814328 -390.307 
751 -0.804916 -0.136644 -0.577441 154.338 -0.131599 0.989999 -0.0508295 32.9219 0.578612 0.0350775 -0.814848 -391.373 
752 -0.804784 -0.139 -0.577062 154.394 -0.1342 0.98963 -0.051219 33.8284 0.578198 0.0362215 -0.815092 -392.535 
754 -0.804908 -0.142471 -0.576042 154.694 -0.136675 0.989161 -0.0536701 34.2186 0.577445 0.035531 -0.815656 -393.658 
755 -0.804887 -0.146042 -0.575176 154.91 -0.138063 0.988733 -0.0578455 33.8241 0.577144 0.0328516 -0.815982 -394.892 
757 -0.80406 -0.155928 -0.573737 154.988 -0.146772 0.987187 -0.0626018 35.9065 0.576148 0.033873 -0.816643 -395.958 
759 -0.803813 -0.160519 -0.572817 155.147 -0.151631 0.986387 -0.0636342 37.4887 0.575233 0.0357066 -0.81721 -397.157 
761 -0.804333 -0.155783 -0.573394 155.19 -0.14356 0.987379 -0.0668768 33.9033 0.576576 0.0285254 -0.816546 -398.634 
763 -0.805139 -0.156401 -0.572092 155.799 -0.138323 0.98752 -0.075303 30.1128 0.57673 0.0185039 -0.816725 -399.974 
765 -0.805841 -0.151443 -0.572437 155.965 -0.133826 0.988307 -0.0730729 29.0859 0.57681 0.017722 -0.816686 -401.29 
767 -0.80676 -0.148933 -0.571802 156.442 -0.134616 0.988592 -0.0675598 30.7472 0.575341 0.0224694 -0.817605 -402.218 
769 -0.808095 -0.145465 -0.570808 157.159 -0.133865 0.989025 -0.0625292 31.743 0.573639 0.0258819 -0.818699 -403.126 
771 -0.80925 -0.142611 -0.569892 157.798 -0.132233 0.989412 -0.0598211 31.867 0.572389 0.026948 -0.81954 -404.157 
774 -0.810779 -0.141153 -0.568079 158.795 -0.129786 0.989684 -0.060676 30.8776 0.570783 0.0245337 -0.820734 -405.73 
775 -0.811065 -0.140918 -0.567729 158.986 -0.129309 0.989731 -0.0609307 30.6715 0.570485 0.023994 -0.820957 -406.286 
777 -0.811781 -0.139198 -0.567129 159.399 -0.129326 0.989913 -0.0578519 31.4922 0.569462 0.0263815 -0.821594 -407.428 
778 -0.812173 -0.138625 -0.566708 159.644 -0.129487 0.989965 -0.0565873 31.8957 0.568866 0.0274226 -0.821973 -407.932 
780 -0.812287 -0.138998 -0.566453 159.756 -0.12927 0.989938 -0.0575429 31.6578 0.568752 0.0264838 -0.822083 -409.173 
782 -0.812129 -0.139204 -0.56663 159.663 -0.126985 0.990014 -0.0612136 29.9931 0.569493 0.0222404 -0.821696 -410.607 
784 -0.811744 -0.141245 -0.566676 159.527 -0.128524 0.98973 -0.0625862 30.2865 0.569696 0.0220274 -0.82156 -411.859 
786 -0.811379 -0.141513 -0.567132 159.293 -0.130593 0.989613 -0.0600978 31.7329 0.569746 0.0253012 -0.821432 -413.157 
788 -0.811424 -0.138538 -0.567802 159.145 -0.129094 0.989989 -0.0570633 32.0041 0.570023 0.0269976 -0.821185 -414.474 
789 -0.811447 -0.136676 -0.568219 159.051 -0.127874 0.990232 -0.0555727 31.9611 0.570264 0.0275661 -0.820999 -415.18 
791 -0.811463 -0.130804 -0.569577 158.711 -0.123813 0.990984 -0.0511881 31.6175 0.571138 0.0289838 -0.820342 -416.58 
793 -0.810383 -0.126566 -0.572067 157.685 -0.121513 0.991466 -0.047222 31.8307 0.573162 0.0312456 -0.818846 -418.288 
795 -0.809044 -0.123944 -0.574531 156.57 -0.119668 0.991774 -0.0454418 31.6638 0.575437 0.0319884 -0.81722 -419.993 
797 -0.807571 -0.124585 -0.576461 155.546 -0.120096 0.991692 -0.0460801 31.7336 0.577413 0.0320179 -0.815824 -421.643 
799 -0.806743 -0.122726 -0.578017 154.85 -0.117183 0.991994 -0.0470691 30.4682 0.579167 0.0297614 -0.814666 -423.274 
801 -0.805918 -0.121117 -0.579505 154.164 -0.115452 0.992209 -0.046814 29.9502 0.58066 0.0291767 -0.813623 -424.796 
803 -0.805087 -0.120208 -0.580848 153.524 -0.116117 0.992243 -0.0444021 30.8904 0.58168 0.0316987 -0.8128 -426.304 
