0 1 2.11672e-05 -3.34226e-05 0.000224076 -2.11665e-05 1 2.31737e-05 -0.000135761 3.34231e-05 -2.3173e-05 1 0.000548208 
7 0.999498 -0.00636274 0.0310271 -0.0302716 0.00623407 0.999972 0.00424188 0.0171943 -0.0310532 -0.00404632 0.99951 -5.22473 
9 0.999237 -0.00505009 0.0387159 -0.0641538 0.00509991 0.999986 -0.00118806 0.0639073 -0.0387094 0.0013846 0.99925 -6.83246 
11 0.999014 -0.00594826 0.0440061 -0.097051 0.00596509 0.999982 -0.000251177 0.0711689 -0.0440038 0.000513429 0.999031 -8.49379 
12 0.998965 -0.0029879 0.0453881 -0.105622 0.0029847 0.999996 0.000138178 0.0730432 -0.0453883 -2.56511e-06 0.998969 -9.31769 
13 0.998868 -0.00290883 0.0474829 -0.122657 0.00294779 0.999995 -0.000750547 0.0895122 -0.0474805 0.000889667 0.998872 -10.1639 
14 0.998793 -0.00145458 0.0490931 -0.141856 0.00148583 0.999999 -0.000600102 0.0954568 -0.0490922 0.000672322 0.998794 -11.0295 
15 0.998682 -0.00397819 0.051176 -0.16209 0.00388391 0.999991 0.00194157 0.0750347 -0.0511832 -0.00174025 0.998688 -11.8949 
16 0.998606 -0.00456715 0.0525807 -0.173118 0.00433244 0.99998 0.00457699 0.049046 -0.0526006 -0.00434281 0.998606 -12.7663 
17 0.998484 -0.00855041 0.0543668 -0.187868 0.00821516 0.999946 0.00638698 0.0327717 -0.0544184 -0.00593066 0.998501 -13.6429 
18 0.998415 -0.00940136 0.0554874 -0.19816 0.00907991 0.999941 0.00604244 0.0444082 -0.0555409 -0.00552904 0.998441 -14.5358 
19 0.998348 -0.00833935 0.0568513 -0.213934 0.00809847 0.999957 0.00446601 0.075145 -0.0568861 -0.00399822 0.998373 -15.438 
20 0.998257 -0.00912209 0.0583005 -0.229998 0.00895521 0.999955 0.00312317 0.104891 -0.0583263 -0.00259564 0.998294 -16.3424 
21 0.998225 -0.00858415 0.0589288 -0.23366 0.00843096 0.99996 0.00284768 0.119429 -0.0589509 -0.0023458 0.998258 -17.2541 
22 0.99811 -0.00852988 0.060861 -0.267764 0.00832067 0.999959 0.00369018 0.112876 -0.06089 -0.0031768 0.998139 -18.1686 
23 0.99806 -0.00716186 0.0618533 -0.281615 0.00691125 0.999967 0.00426479 0.109107 -0.0618819 -0.00382903 0.998076 -19.0907 
24 0.998026 -0.00715789 0.0623934 -0.289026 0.00701081 0.999972 0.00257593 0.149648 -0.0624101 -0.00213341 0.998048 -20.0182 
25 0.998019 -0.00827147 0.0623744 -0.284304 0.0083406 0.999965 -0.000848004 0.230659 -0.0623651 0.00136656 0.998052 -20.9542 
26 0.998069 -0.00906196 0.0614468 -0.25844 0.00934033 0.999947 -0.00424453 0.314009 -0.0614051 0.00481027 0.998101 -21.8898 
27 0.998166 -0.00785415 0.0600232 -0.224615 0.00830776 0.999939 -0.00731137 0.393033 -0.0599621 0.00779662 0.99817 -22.8343 
28 0.998252 -0.00797045 0.0585593 -0.189965 0.00845823 0.999932 -0.00808655 0.422591 -0.0584909 0.00856772 0.998251 -23.7827 
29 0.998336 -0.00826658 0.0570681 -0.151599 0.00857699 0.99995 -0.00519652 0.363352 -0.0570223 0.00567735 0.998357 -24.7324 
30 0.998381 -0.00946843 0.056093 -0.11961 0.00950169 0.999955 -0.000326161 0.249469 -0.0560873 0.00085861 0.998425 -25.6947 
31 0.998456 -0.00886634 0.0548385 -0.0842658 0.00874138 0.999959 0.00251815 0.181017 -0.0548586 -0.0020349 0.998492 -26.6596 
32 0.99851 -0.00616374 0.0542189 -0.0689159 0.00609831 0.99998 0.00137224 0.216628 -0.0542263 -0.00103955 0.998528 -27.6278 
33 0.998509 -0.00414047 0.0544371 -0.0719546 0.00435196 0.999983 -0.00376708 0.368583 -0.0544206 0.00399837 0.99851 -28.6052 
34 0.998482 -0.00028118 0.0550784 -0.090963 0.000689608 0.999972 -0.00739654 0.482541 -0.0550748 0.00742329 0.998455 -29.5823 
35 0.998386 0.00735606 0.0563124 -0.136152 -0.00695525 0.999949 -0.0073104 0.479887 -0.0563633 0.00690693 0.998386 -30.569 
36 0.998289 0.00932967 0.0577261 -0.181026 -0.00914051 0.999952 -0.00354008 0.369805 -0.0577563 0.00300638 0.998326 -31.5512 
37 0.998214 0.00886391 0.059079 -0.218652 -0.00890398 0.99996 0.000415001 0.250979 -0.059073 -0.000940298 0.998253 -32.5445 
38 0.998099 0.00744262 0.0611789 -0.283643 -0.00753289 0.999971 0.00124489 0.233647 -0.0611679 -0.00170338 0.998126 -33.5414 
39 0.998036 0.00743833 0.0622007 -0.318138 -0.00744359 0.999972 -0.000147127 0.292211 -0.0622001 -0.000316159 0.998064 -34.5452 
40 0.997975 0.00461273 0.0634474 -0.352878 -0.00443569 0.999986 -0.00293091 0.408448 -0.06346 0.00264354 0.997981 -35.5495 
41 0.997901 0.00476299 0.0645775 -0.389364 -0.00450074 0.999981 -0.00420583 0.466487 -0.0645963 0.00390636 0.997904 -36.5682 
42 0.997839 0.00359212 0.0656099 -0.425189 -0.00315985 0.999973 -0.00669097 0.572292 -0.0656321 0.00646919 0.997823 -37.5706 
43 0.997853 0.00376845 0.0653813 -0.414388 -0.0031377 0.999948 -0.00974716 0.703655 -0.0654146 0.00952109 0.997813 -38.5751 
44 0.997827 -0.00185656 0.0658557 -0.423318 0.00262724 0.999929 -0.0116179 0.801838 -0.0658295 0.0117656 0.997762 -39.5686 
45 0.997807 -0.00182393 0.0661661 -0.432937 0.00256804 0.999934 -0.0111628 0.799615 -0.0661414 0.0113083 0.997746 -40.5727 
46 0.997819 -0.00211169 0.0659755 -0.423672 0.00274288 0.999951 -0.00947778 0.7449 -0.0659523 0.00963807 0.997776 -41.5671 
47 0.997802 -0.00436737 0.0661267 -0.424851 0.00484751 0.999963 -0.00710222 0.66029 -0.0660932 0.00740716 0.997786 -42.5611 
48 0.99774 -0.0039433 0.0670735 -0.462012 0.00442501 0.999965 -0.00703483 0.668594 -0.0670435 0.00731573 0.997723 -43.5577 
49 0.997656 -0.00183364 0.0684051 -0.520261 0.00241274 0.999962 -0.00838415 0.735929 -0.0683872 0.00852954 0.997622 -44.5537 
50 0.997597 -0.00205841 0.069259 -0.555153 0.00272469 0.999951 -0.00952709 0.803895 -0.069236 0.0096929 0.997553 -45.5412 
51 0.997564 -0.00477132 0.0695991 -0.567496 0.00519361 0.999969 -0.00588786 0.662055 -0.0695689 0.00623499 0.997558 -46.5238 
52 0.997514 -0.00550667 0.0702515 -0.590964 0.00564194 0.999983 -0.00172723 0.478914 -0.0702407 0.00211929 0.997528 -47.5061 
53 0.997468 -0.00639592 0.0708289 -0.615187 0.00644645 0.999979 -0.00048485 0.43286 -0.0708243 0.000940217 0.997488 -48.4849 
54 0.997461 -0.00496314 0.071041 -0.624165 0.00527369 0.999977 -0.00418458 0.624863 -0.0710186 0.0045486 0.997465 -49.465 
55 0.997445 -0.00281877 0.0713795 -0.641665 0.00335535 0.999967 -0.00739859 0.794388 -0.0713563 0.0076192 0.997422 -50.4409 
56 0.997434 -0.000984367 0.0715857 -0.651008 0.00156981 0.999966 -0.00812245 0.841212 -0.0715752 0.00821398 0.997401 -51.4093 
57 0.99741 0.0021603 0.0718945 -0.666088 -0.00165516 0.999974 -0.00708507 0.790531 -0.0719079 0.00694772 0.997387 -52.3714 
58 0.997362 0.00493067 0.0724244 -0.696525 -0.00450712 0.999972 -0.00601046 0.739706 -0.072452 0.00566817 0.997356 -53.346 
59 0.997267 0.00674113 0.0735702 -0.756528 -0.00621501 0.999953 -0.00737784 0.819209 -0.0736165 0.00690044 0.997263 -54.3047 
60 0.997173 0.0101647 0.0744509 -0.803221 -0.00931098 0.999887 -0.0118046 1.0657 -0.0745625 0.011078 0.997155 -55.2621 
61 0.997121 0.0112843 0.0749769 -0.834441 -0.0100568 0.999809 -0.0167284 1.35227 -0.0751514 0.0159262 0.997045 -56.2179 
62 0.997087 0.00979979 0.0756445 -0.869788 -0.00838396 0.999784 -0.0190119 1.50495 -0.0758145 0.0183223 0.996954 -57.1618 
63 0.996987 0.00846329 0.077108 -0.95104 -0.00732549 0.99986 -0.0150268 1.29718 -0.0772244 0.0144167 0.99691 -58.1013 
64 0.996894 0.00634378 0.0785032 -1.02885 -0.00580745 0.999958 -0.0070584 0.847563 -0.0785447 0.00658057 0.996889 -59.0369 
65 0.99684 0.00425877 0.0793198 -1.07067 -0.00410435 0.999989 -0.00210968 0.569882 -0.0793279 0.00177746 0.996847 -59.9638 
66 0.996768 -0.000575364 0.080337 -1.12175 0.000792137 0.999996 -0.00266645 0.633079 -0.0803352 0.00272147 0.996764 -60.8799 
67 0.996681 -0.00331634 0.0813433 -1.1756 0.00370233 0.999983 -0.00459482 0.7784 -0.0813266 0.00488073 0.996676 -61.7751 
68 0.996576 -0.00562684 0.0824874 -1.24268 0.0061555 0.999962 -0.0061561 0.905122 -0.0824497 0.00664278 0.996573 -62.6577 
69 0.996485 -0.00645001 0.0835268 -1.30254 0.00696086 0.999959 -0.00582627 0.901594 -0.0834857 0.0063872 0.996489 -63.5251 
70 0.996332 -0.00809934 0.0851892 -1.40302 0.00868863 0.999941 -0.00654889 0.969207 -0.0851311 0.00726504 0.996343 -64.3789 
71 0.996209 -0.00883255 0.0865461 -1.48768 0.00948326 0.99993 -0.00711036 1.02566 -0.0864772 0.00790414 0.996222 -65.2208 
72 0.996081 -0.00866876 0.0880164 -1.58123 0.00936937 0.999928 -0.00754998 1.06939 -0.0879446 0.00834506 0.99609 -66.0521 
73 0.995973 -0.00821395 0.0892722 -1.65844 0.0090158 0.999923 -0.00858253 1.14763 -0.0891948 0.00935284 0.99597 -66.8694 
75 0.995722 -0.0120718 0.0916112 -1.80007 0.0134987 0.999797 -0.0149722 1.62702 -0.0914118 0.0161448 0.995682 -68.4598 
77 0.995356 -0.018166 0.0945341 -1.99024 0.0193857 0.99974 -0.0119999 1.481 -0.0942916 0.0137768 0.995449 -69.9861 
79 0.995062 -0.0184034 0.0975324 -2.19642 0.0183838 0.99983 0.00109918 0.574661 -0.0975361 0.00069926 0.995232 -71.4445 
81 0.994899 -0.0218329 0.0984802 -2.25313 0.0220343 0.999757 -0.000957477 0.760721 -0.0984353 0.00312253 0.995139 -72.8156 
83 0.994718 -0.0190193 0.100868 -2.42422 0.019141 0.999817 -0.000239184 0.724302 -0.100845 0.00216863 0.9949 -74.1099 
85 0.994969 -0.00790675 0.0998677 -2.35658 0.00709268 0.999939 0.00850391 0.0278554 -0.0999288 -0.0077528 0.994964 -75.3308 
87 0.99562 -0.0151273 0.092258 -1.76335 0.014604 0.999873 0.00634497 0.245466 -0.0923423 -0.00496985 0.995715 -76.5117 
89 0.996562 -0.00910682 0.0823426 -1.01175 0.00926919 0.999956 -0.00158977 0.84701 -0.0823245 0.00234755 0.996603 -77.6315 
91 0.997942 -0.00802382 0.0636158 0.44113 0.00836076 0.999952 -0.00503209 1.13442 -0.0635724 0.00555361 0.997962 -78.6858 
93 0.999366 -0.0184527 0.0304366 3.05751 0.0186108 0.999815 -0.00491954 1.19682 -0.0303402 0.00548288 0.999525 -79.6224 
95 0.999752 -0.013626 -0.0176125 6.85738 0.0135025 0.999884 -0.00710902 1.35968 0.0177074 0.00686944 0.99982 -80.3215 
97 0.996692 -0.0126168 -0.0802811 11.8579 0.0117741 0.999871 -0.010962 1.6826 0.080409 0.00998053 0.996712 -80.6162 
99 0.987167 -0.0138381 -0.159092 18.1829 0.0120554 0.999853 -0.0121654 1.80161 0.159237 0.0100914 0.987189 -80.3079 
101 0.967407 -0.0164695 -0.252691 25.7377 0.0139797 0.999834 -0.0116457 1.78742 0.252841 0.00773354 0.967477 -79.0543 
103 0.932271 -0.0169521 -0.361364 34.5341 0.0149828 0.999854 -0.00825105 1.52578 0.361451 0.00227797 0.932388 -76.4051 
105 0.87916 -0.0172529 -0.476213 43.8778 0.0161115 0.999849 -0.00647981 1.38968 0.476253 -0.00197571 0.879306 -72.2659 
107 0.808539 -0.013053 -0.588298 52.9771 0.0137294 0.9999 -0.00331629 1.13234 0.588283 -0.00539562 0.808637 -66.59 
109 0.72636 -0.0149402 -0.687152 61.0393 0.0122357 0.999886 -0.00880589 1.61773 0.687205 -0.00201153 0.726461 -60.0459 
110 0.680944 -0.0140205 -0.732201 64.7109 0.0110809 0.9999 -0.00884141 1.62078 0.732251 -0.00209292 0.681031 -56.4114 
111 0.634921 -0.0107544 -0.772503 67.9964 0.0098809 0.999934 -0.00579947 1.36227 0.772514 -0.00395082 0.634985 -52.727 
112 0.588021 -0.00474942 -0.808832 70.9604 0.0067346 0.999977 -0.000975765 0.945636 0.808818 -0.00487339 0.588039 -48.9834 
113 0.540108 -0.00698293 -0.841567 73.6219 0.00936542 0.999954 -0.00228654 1.0711 0.841544 -0.00664665 0.540148 -45.1688 
114 0.493445 -0.0110805 -0.869706 75.9567 0.0118808 0.999911 -0.00599857 1.40633 0.869696 -0.0073728 0.493533 -41.482 
115 0.447545 -0.0116354 -0.894186 77.9784 0.0142967 0.999881 -0.00585511 1.40172 0.894147 -0.0101635 0.447657 -37.8673 
116 0.404831 -0.00468181 -0.914379 79.6429 0.0115598 0.999933 -1.87703e-06 0.89468 0.914318 -0.0105693 0.404858 -34.5253 
118 0.329686 0.0149057 -0.943973 82.0914 0.00043418 0.999873 0.01594 -0.492085 0.94409 -0.00566505 0.329638 -28.7697 
120 0.265026 0.000904365 -0.964241 83.8526 0.0121577 0.999917 0.00427943 0.537394 0.964165 -0.0128572 0.264993 -23.9745 
122 0.211745 -0.00231433 -0.977322 85.0209 0.0182053 0.999833 0.00157669 0.785325 0.977155 -0.0181263 0.211752 -20.1875 
123 0.187892 0.00514462 -0.982176 85.4662 0.0196045 0.999767 0.00898714 0.138066 0.981994 -0.0209437 0.187748 -18.5495 
124 0.168565 0.0122092 -0.985615 85.7869 0.0257468 0.999528 0.0167849 -0.568909 0.985354 -0.0282058 0.168171 -17.2952 
125 0.14849 0.0146384 -0.988806 86.105 0.0325867 0.999275 0.0196869 -0.856449 0.988377 -0.0351452 0.147906 -15.9948 
127 0.114916 0.0102082 -0.993323 86.5386 0.029098 0.999484 0.0136378 -0.304071 0.992949 -0.0304709 0.114559 -14.0385 
129 0.0876431 0.0127447 -0.99607 86.9313 0.0232577 0.999619 0.0148365 -0.370516 0.99588 -0.0244666 0.0873133 -12.6965 
131 0.0654491 0.0201395 -0.997653 87.1684 0.0232074 0.999495 0.0216992 -0.964757 0.997586 -0.0245731 0.0649487 -11.8196 
133 0.0523914 0.0239576 -0.998339 87.279 0.0242335 0.999387 0.0252544 -1.27571 0.998333 -0.0255163 0.0517788 -11.8344 
135 0.0406921 0.0257545 -0.99884 87.4342 0.0258761 0.999305 0.0268207 -1.41755 0.998837 -0.0269374 0.0399974 -12.0611 
137 0.0336756 0.0295719 -0.998995 87.4979 0.0258018 0.999203 0.0304478 -1.72952 0.9991 -0.0268012 0.0328857 -12.7647 
138 0.0308052 0.0306853 -0.999054 87.5385 0.025246 0.999186 0.0314677 -1.81027 0.999207 -0.0261914 0.0300055 -13.2075 
139 0.0287195 0.0326894 -0.999053 87.5578 0.024795 0.999134 0.0334048 -1.97074 0.99928 -0.0257309 0.0278841 -13.7078 
140 0.0277078 0.0371145 -0.998927 87.5424 0.0246203 0.998982 0.0377994 -2.35415 0.999313 -0.0256412 0.0267658 -14.3025 
142 0.0306764 0.0424623 -0.998627 87.4542 0.0240762 0.998776 0.0432082 -2.81055 0.999239 -0.0253686 0.0296166 -16.0741 
144 0.0394852 0.0449928 -0.998207 87.3177 0.0236633 0.998663 0.0459494 -3.04416 0.99894 -0.0254352 0.0383677 -18.3645 
146 0.0472992 0.0465613 -0.997795 87.162 0.0203478 0.998661 0.0475663 -3.12719 0.998673 -0.0225528 0.0462885 -20.6702 
148 0.0554779 0.0425308 -0.997554 86.9995 0.0171491 0.998904 0.0435422 -2.69924 0.998313 -0.0195228 0.0546878 -23.1274 
150 0.0625414 0.0379519 -0.997321 86.8594 0.0220375 0.998981 0.039397 -2.41223 0.997799 -0.0244423 0.0616413 -25.4288 
152 0.0637102 0.0296563 -0.997528 86.8615 0.0303177 0.999039 0.0316375 -1.88563 0.997508 -0.0322584 0.0627499 -27.2341 
154 0.0637389 0.0245634 -0.997664 86.8782 0.0280264 0.999259 0.0263932 -1.3488 0.997573 -0.0296432 0.0630032 -29.0444 
156 0.0638591 0.0231363 -0.997691 86.8892 0.0261472 0.999349 0.0248484 -1.14249 0.997616 -0.0276736 0.0632126 -30.7906 
157 0.065124 0.0214412 -0.997647 86.8735 0.026783 0.999371 0.0232266 -1.00516 0.997518 -0.0282326 0.0645088 -31.7872 
159 0.0633663 0.0157627 -0.997866 86.9204 0.0286688 0.999434 0.017608 -0.53126 0.997578 -0.0297233 0.0628785 -33.3622 
160 0.0611912 0.0126763 -0.998046 87.0025 0.028241 0.999497 0.0144262 -0.228477 0.997726 -0.0290686 0.0608024 -33.9995 
161 0.0568428 0.0103243 -0.99833 87.1538 0.0269442 0.999566 0.0118712 0.0486927 0.998019 -0.027574 0.0565399 -34.4973 
162 0.0520765 0.00823268 -0.998609 87.322 0.02459 0.999652 0.00952362 0.341465 0.99834 -0.0250517 0.051856 -34.9339 
163 0.0461374 0.00631278 -0.998915 87.5463 0.02273 0.999714 0.00736768 0.60258 0.998676 -0.0230453 0.0459807 -35.2373 
164 0.038375 0.00533722 -0.999249 87.8081 0.0226973 0.999723 0.00621141 0.724201 0.999006 -0.0229186 0.0382433 -35.4184 
165 0.0299834 0.00520613 -0.999537 88.1051 0.023535 0.999706 0.00591299 0.735331 0.999273 -0.0237014 0.029852 -35.5088 
166 0.0197714 0.00552133 -0.999789 88.4959 0.0242348 0.999688 0.00600003 0.716397 0.999511 -0.0243483 0.0196314 -35.5716 
167 0.00971056 0.00667207 -0.999931 88.8204 0.0229825 0.999712 0.0068938 0.687809 0.999689 -0.0230478 0.00955443 -35.3652 
168 -0.00114545 0.0059564 -0.999982 89.2008 0.0221371 0.999737 0.00592959 0.815182 0.999754 -0.0221299 -0.00127701 -35.2224 
169 -0.0124236 0.00735934 -0.999896 89.598 0.0215284 0.999743 0.00709072 0.746626 0.999691 -0.0214381 -0.0125788 -35.0363 
170 -0.0235416 0.00763596 -0.999694 89.9861 0.0218721 0.999735 0.00712122 0.742191 0.999484 -0.0216977 -0.0237023 -34.872 
171 -0.034102 0.00816967 -0.999385 90.3474 0.0223812 0.999722 0.00740871 0.709997 0.999168 -0.0221148 -0.0342754 -34.7527 
172 -0.0446792 0.00805973 -0.998969 90.7179 0.0236143 0.999697 0.00700944 0.706285 0.998722 -0.0232768 -0.044856 -34.59 
173 -0.0551535 0.00848043 -0.998442 91.093 0.0246179 0.999672 0.00713099 0.67186 0.998174 -0.0241862 -0.0553442 -34.531 
175 -0.0741638 0.0107517 -0.997188 91.7277 0.0260495 0.999622 0.0088406 0.478901 0.996906 -0.0253206 -0.0744158 -34.3265 
177 -0.0919805 0.0120631 -0.995688 92.3441 0.0256648 0.999623 0.00973988 0.44592 0.99543 -0.0246582 -0.0922554 -34.2806 
179 -0.104401 0.0166362 -0.994396 92.7482 0.0229447 0.999634 0.0143149 0.186522 0.994271 -0.0213216 -0.104745 -34.6134 
181 -0.110605 0.0212216 -0.993638 92.9831 0.0200254 0.999617 0.0191202 -0.0849063 0.993663 -0.0177832 -0.110988 -35.5382 
183 -0.113096 0.0225247 -0.993329 93.0774 0.0195616 0.9996 0.0204397 -0.154906 0.993391 -0.0171195 -0.113492 -36.7369 
185 -0.109133 0.0241815 -0.993733 92.9347 0.0221826 0.999514 0.021886 -0.382552 0.99378 -0.0196551 -0.109616 -38.4548 
187 -0.0960097 0.0239814 -0.995091 92.4303 0.0234316 0.999487 0.0218266 -0.417059 0.995105 -0.021221 -0.0965224 -40.9429 
189 -0.0719564 0.0211722 -0.997183 91.4095 0.0235593 0.999532 0.0195221 -0.198674 0.99713 -0.0220882 -0.0724215 -44.2766 
191 -0.0333263 0.0186647 -0.99927 89.6709 0.0272443 0.999471 0.0177598 -0.208304 0.999073 -0.0266325 -0.0338172 -48.9288 
193 0.0190067 0.0146253 -0.999712 87.0068 0.0320353 0.999371 0.0152294 -0.219673 0.999306 -0.0323155 0.0185263 -54.6136 
195 0.0902201 0.0114254 -0.995856 82.9005 0.0293859 0.999468 0.0141291 0.0289975 0.995488 -0.0305389 0.0898364 -61.7099 
197 0.177348 0.0066105 -0.984126 77.1776 0.0211871 0.99972 0.0105334 0.81488 0.98392 -0.0227189 0.177158 -69.8064 
199 0.277127 -0.00151643 -0.960832 69.641 0.0168349 0.999853 0.00327757 1.71393 0.960686 -0.0170838 0.277112 -78.3684 
201 0.391221 -0.000347154 -0.920297 59.6627 0.0163356 0.999845 0.00656715 1.46387 0.920152 -0.0176028 0.391166 -87.1668 
202 0.448903 0.000667098 -0.89358 54.0765 0.020003 0.999742 0.0107951 0.885155 0.893357 -0.0227202 0.448773 -91.3311 
203 0.508511 0.00187588 -0.861053 47.7993 0.0227034 0.999621 0.0155857 0.309231 0.860756 -0.0274743 0.508276 -95.2707 
204 0.567786 -0.00213949 -0.823174 41.0035 0.026487 0.999526 0.0156716 0.0849873 0.82275 -0.0307015 0.567573 -98.8356 
205 0.622774 -0.00567838 -0.782381 34.1979 0.0291019 0.99945 0.0159113 -0.0887472 0.78186 -0.0326779 0.622597 -101.932 
206 0.675316 -0.00685008 -0.737496 27.1184 0.0298479 0.999391 0.0180487 -0.32427 0.736924 -0.0342013 0.67511 -104.524 
207 0.724119 -0.00651997 -0.689645 19.9048 0.02739 0.999438 0.0193104 -0.290728 0.689131 -0.0328724 0.72389 -106.47 
208 0.768479 -0.008521 -0.639818 12.8488 0.0239969 0.999592 0.0155101 0.261345 0.639424 -0.0272728 0.76837 -108.199 
209 0.810275 -0.00872648 -0.585984 5.49312 0.0187953 0.999762 0.0111009 0.980429 0.585748 -0.0200085 0.810246 -109.314 
210 0.846599 -0.0100613 -0.532137 -1.56218 0.0155674 0.999862 0.00586216 1.65725 0.532004 -0.0132469 0.846638 -109.797 
211 0.877762 -0.0106363 -0.478979 -8.30075 0.0121916 0.999926 0.00013754 2.39887 0.478941 -0.00596026 0.877827 -110.062 
212 0.90335 -0.013883 -0.42868 -14.4613 0.0125614 0.999904 -0.00591188 2.95195 0.428721 -4.43323e-05 0.903437 -109.907 
213 0.923552 -0.0169064 -0.3831 -19.8735 0.0143382 0.999852 -0.00955827 3.19503 0.383204 0.0033346 0.923658 -109.522 
214 0.939013 -0.0239295 -0.343047 -24.5396 0.0203021 0.999694 -0.0141617 3.27972 0.343281 0.00633348 0.939211 -109.081 
215 0.950995 -0.0272714 -0.308001 -28.3461 0.0243367 0.999614 -0.0133663 2.95944 0.308247 0.00521552 0.951292 -108.604 
217 0.966461 -0.0229177 -0.255788 -34.3558 0.0207823 0.999723 -0.0110485 2.96637 0.25597 0.00536208 0.96667 -108.002 
219 0.97333 -0.0232343 -0.228228 -37.3771 0.0212434 0.999712 -0.0111766 2.96378 0.228422 0.00603019 0.973544 -108.041 
220 0.97565 -0.0288821 -0.217422 -38.4564 0.0268658 0.999564 -0.0122244 2.72213 0.217681 0.00608546 0.976001 -108.266 
222 0.976981 -0.0416368 -0.209223 -39.4162 0.0404508 0.999132 -0.00994627 1.67709 0.209455 0.00125411 0.977817 -109.123 
224 0.976711 -0.0402365 -0.210751 -39.2287 0.040342 0.999179 -0.00380094 1.08903 0.210731 -0.00478968 0.977532 -110.396 
225 0.975965 -0.0371471 -0.214737 -38.7679 0.038764 0.999243 0.003322 0.474689 0.214451 -0.0115662 0.976666 -111.177 
227 0.973772 -0.0419599 -0.223622 -37.6564 0.044417 0.998995 0.00596665 -0.143829 0.223147 -0.0157428 0.974658 -112.807 
229 0.971363 -0.0435671 -0.233572 -36.5719 0.0440351 0.999025 -0.00321325 0.829876 0.233485 -0.00716416 0.972334 -114.564 
230 0.970602 -0.0404821 -0.237261 -36.1293 0.0396693 0.999179 -0.00820107 1.62163 0.237398 -0.00145199 0.971411 -115.387 
231 0.969877 -0.038979 -0.240455 -35.7333 0.0370677 0.999235 -0.0124683 2.2366 0.240757 0.00317956 0.97058 -116.19 
232 0.969342 -0.034693 -0.243254 -35.376 0.032778 0.999392 -0.0119168 2.45153 0.243519 0.00357812 0.969889 -117.03 
234 0.969435 -0.0279774 -0.243746 -35.3282 0.0287422 0.999587 -0.000418711 1.5059 0.243657 -0.0065999 0.969839 -118.575 
235 0.969502 -0.0290037 -0.243362 -35.3634 0.0313483 0.999492 0.00576638 0.680737 0.243071 -0.0132195 0.969919 -119.3 
236 0.970008 -0.0313249 -0.241048 -35.5938 0.0344864 0.999365 0.00890692 0.145754 0.240616 -0.0169526 0.970472 -119.904 
238 0.971148 -0.0283946 -0.23678 -36.1414 0.0288231 0.999583 -0.00165272 1.65447 0.236729 -0.0052197 0.971562 -121.39 
240 0.972092 -0.0333967 -0.232209 -36.6981 0.0324891 0.999442 -0.00773306 2.11218 0.232338 -2.70053e-05 0.972635 -122.827 
241 0.9723 -0.0381841 -0.230598 -36.8742 0.038191 0.999261 -0.00443514 1.38072 0.230597 -0.00449451 0.973039 -123.565 
242 0.973185 -0.0380005 -0.226863 -37.3388 0.0391958 0.999231 0.000764695 0.735132 0.22666 -0.00963628 0.973926 -124.227 
244 0.975057 -0.0342101 -0.219302 -38.288 0.0358372 0.999352 0.00344415 0.660428 0.219042 -0.0112174 0.975651 -125.409 
246 0.976368 -0.0301043 -0.214006 -38.975 0.0307404 0.999527 -0.00035566 1.44003 0.213916 -0.00623138 0.976832 -127.173 
247 0.976676 -0.0272361 -0.212985 -39.1053 0.0274242 0.999622 -0.00207159 1.86043 0.212961 -0.00381768 0.977053 -127.944 
248 0.976862 -0.0222948 -0.212707 -39.1394 0.0223593 0.999748 -0.00210256 2.20452 0.2127 -0.00270207 0.977114 -128.791 
250 0.976715 -0.0287591 -0.212605 -39.1487 0.0287692 0.999581 -0.00304712 1.9112 0.212604 -0.00314031 0.977133 -130.509 
251 0.97652 -0.0336725 -0.212778 -39.0937 0.0342852 0.999412 -0.000810682 1.29437 0.21268 -0.00650348 0.9771 -131.245 
253 0.975062 -0.0483499 -0.216604 -38.5724 0.0488314 0.998802 -0.00313191 0.620614 0.216496 -0.00752326 0.976255 -133.261 
255 0.973677 -0.051638 -0.222004 -37.8082 0.0517817 0.998645 -0.00517747 0.69959 0.221971 -0.00645456 0.975032 -135.183 
257 0.973306 -0.0435318 -0.225344 -37.343 0.0441182 0.999023 -0.00243532 0.891152 0.22523 -0.00757146 0.974276 -137.088 
259 0.973205 -0.035905 -0.227118 -37.0733 0.0370695 0.999312 0.000862583 0.977279 0.226931 -0.00925863 0.973867 -138.837 
261 0.972361 -0.0425817 -0.229569 -36.7258 0.0415832 0.999093 -0.00918791 1.97998 0.229752 -0.00061223 0.973249 -140.766 
262 0.97194 -0.0470332 -0.230481 -36.5843 0.0449295 0.998887 -0.0143702 2.44058 0.2309 0.00361158 0.972971 -141.678 
264 0.971919 -0.0373174 -0.232338 -36.3013 0.0402829 0.999156 0.00803039 -0.136546 0.231842 -0.0171641 0.972602 -143.512 
265 0.972232 -0.0329261 -0.231691 -36.3958 0.0380594 0.999118 0.0177196 -1.25698 0.230904 -0.0260456 0.972628 -144.338 
266 0.97249 -0.0319432 -0.230746 -36.5331 0.0349935 0.999346 0.00913788 0.0888923 0.230303 -0.0169611 0.972971 -145.183 
267 0.97287 -0.0303079 -0.229358 -36.7506 0.0286655 0.999534 -0.0104899 3.15028 0.229569 0.00363066 0.973286 -145.86 
268 0.973154 -0.0300755 -0.22818 -36.9119 0.0249579 0.999369 -0.0252807 5.42478 0.228796 0.0189071 0.973291 -146.748 
269 0.973185 -0.0335857 -0.22756 -36.999 0.0296759 0.999348 -0.0205822 4.4832 0.228103 0.0132772 0.973547 -147.609 
270 0.973293 -0.0386635 -0.226286 -37.1838 0.0382776 0.999249 -0.00609467 1.92551 0.226351 -0.00272977 0.974042 -148.45 
271 0.973612 -0.0369967 -0.225192 -37.3426 0.0384333 0.999259 0.00199719 0.806863 0.224952 -0.0105994 0.974312 -149.27 
272 0.974216 -0.0327023 -0.223233 -37.6382 0.0343835 0.999402 0.00364717 0.875107 0.22298 -0.0112287 0.974758 -150.029 
274 0.975707 -0.0322042 -0.216698 -38.6398 0.0337771 0.999423 0.00355761 0.951531 0.216459 -0.0107906 0.976232 -151.47 
276 0.977159 -0.0383283 -0.209025 -39.8191 0.0400872 0.999187 0.00418322 0.439617 0.208694 -0.0124669 0.977901 -152.867 
278 0.977625 -0.0461942 -0.205223 -40.4158 0.0474582 0.998872 0.00123865 0.355511 0.204934 -0.0109504 0.978715 -154.293 
280 0.978328 -0.0434718 -0.202448 -40.8186 0.0437781 0.999037 -0.00296679 1.24417 0.202382 -0.00596031 0.979288 -155.95 
282 0.980091 -0.035785 -0.195298 -41.9472 0.037555 0.99928 0.00536626 0.503918 0.194965 -0.0125938 0.980729 -157.313 
283 0.981477 -0.0329012 -0.188736 -42.9942 0.0348675 0.999367 0.00710646 0.448843 0.188383 -0.0135556 0.982002 -157.858 
285 0.983826 -0.031213 -0.176386 -44.9651 0.0306811 0.999513 -0.00574273 2.67136 0.176479 0.000238141 0.984304 -158.952 
287 0.985155 -0.0369484 -0.167641 -46.3813 0.0343603 0.999242 -0.0183139 4.30897 0.168191 0.0122818 0.985678 -160.13 
289 0.986919 -0.0378866 -0.156703 -48.1594 0.0377821 0.999279 -0.00364661 1.87098 0.156728 -0.00232166 0.987639 -161.188 
291 0.989067 -0.0334932 -0.143612 -50.2657 0.034134 0.999415 0.0019999 1.28268 0.143461 -0.0068801 0.989632 -162.256 
293 0.990693 -0.0458461 -0.128166 -52.7735 0.0460754 0.998937 -0.00117678 0.921301 0.128083 -0.00473946 0.991752 -163.122 
294 0.9918 -0.0479359 -0.118471 -54.3568 0.0488262 0.998797 0.00462225 -0.173944 0.118107 -0.0103689 0.992947 -163.422 
295 0.99284 -0.046315 -0.110104 -55.7243 0.0474374 0.998845 0.00759536 -0.533571 0.109625 -0.012764 0.993891 -163.791 
296 0.99368 -0.0467068 -0.102072 -57.0382 0.0474531 0.998861 0.00489389 -0.105773 0.101727 -0.0097066 0.994765 -164.18 
297 0.994298 -0.0501818 -0.0940868 -58.3437 0.0501884 0.998737 -0.0022981 0.84001 0.0940833 -0.00243706 0.995561 -164.562 
298 0.994847 -0.0539147 -0.0858627 -59.686 0.0534147 0.998539 -0.00811165 1.53787 0.0861746 0.00348353 0.996274 -164.915 
299 0.995527 -0.0530069 -0.0782071 -60.9446 0.0523011 0.99857 -0.0110478 2.10122 0.0786809 0.00690803 0.996876 -165.291 
300 0.99595 -0.0538684 -0.0719882 -61.9674 0.0530692 0.998507 -0.0129703 2.36545 0.0725794 0.0090974 0.997321 -165.742 
301 0.996293 -0.0528435 -0.0678747 -62.6695 0.0522155 0.998575 -0.0109953 2.12827 0.068359 0.00741046 0.997633 -166.325 
302 0.99635 -0.0572232 -0.0633452 -63.3835 0.0569844 0.99836 -0.00557146 0.903838 0.0635601 0.00194144 0.997976 -166.891 
303 0.996224 -0.0628459 -0.059899 -63.9426 0.0630092 0.998013 0.000839934 -0.577588 0.0597272 -0.00461095 0.998204 -167.509 
304 0.9963 -0.064161 -0.0571861 -64.3858 0.064444 0.997916 0.00311667 -1.05225 0.056867 -0.00679044 0.998359 -168.172 
305 0.99635 -0.0662192 -0.0538605 -64.9356 0.0661582 0.997805 -0.00291764 -0.177333 0.0539355 -0.000656323 0.998544 -168.809 
306 0.99631 -0.0686713 -0.0514805 -65.3222 0.0680688 0.997591 -0.0133701 1.42242 0.0522746 0.00981652 0.998584 -169.503 
307 0.996377 -0.0703439 -0.0477954 -65.936 0.0694285 0.997375 -0.0205513 2.53448 0.0491156 0.0171584 0.998646 -170.103 
308 0.996843 -0.0667448 -0.0430032 -66.7497 0.066069 0.997671 -0.0169507 2.20046 0.0440344 0.014056 0.998931 -170.636 
309 0.997813 -0.0541512 -0.0379017 -67.634 0.0539508 0.998524 -0.00629054 1.31953 0.0381864 0.00423196 0.999262 -171.144 
310 0.998187 -0.0516242 -0.0309619 -68.8245 0.0516118 0.998667 -0.00119869 0.632584 0.0309825 -0.000401482 0.99952 -171.519 
311 0.998169 -0.0554784 -0.0241176 -69.9877 0.0554369 0.998459 -0.00238671 0.557923 0.0242129 0.00104533 0.999706 -171.879 
313 0.998799 -0.0482667 -0.00845108 -72.679 0.0481685 0.998774 -0.0114575 2.67015 0.00899373 0.0110367 0.999899 -172.442 
315 0.999386 -0.0348465 0.00366671 -74.7626 0.0348984 0.999275 -0.0151889 4.3203 -0.00313477 0.0153076 0.999878 -173.212 
317 0.999591 -0.0229537 0.0170439 -77.0573 0.0229239 0.999735 0.00194115 2.24056 -0.017084 -0.00154965 0.999853 -173.925 
318 0.999635 -0.0130226 0.0236587 -78.192 0.0128876 0.9999 0.00585111 2.29673 -0.0237325 -0.00554408 0.999703 -174.272 
319 0.999408 -0.0166884 0.0300704 -79.3138 0.0167434 0.999859 -0.00158012 3.32803 -0.0300398 0.00208267 0.999547 -174.609 
320 0.999025 -0.0266046 0.0352291 -80.2352 0.027127 0.999528 -0.0144345 4.85071 -0.0348284 0.0153761 0.999275 -175.019 
321 0.99871 -0.0313774 0.0399124 -81.0407 0.0322686 0.99924 -0.021884 5.8172 -0.0391954 0.0231437 0.998964 -175.456 
322 0.998574 -0.030819 0.0435808 -81.6757 0.0316636 0.999321 -0.0188258 5.33161 -0.042971 0.0201789 0.998873 -176.035 
323 0.998435 -0.032777 0.045308 -81.9788 0.0331683 0.999418 -0.00791224 3.26665 -0.0450223 0.00940265 0.998942 -176.772 
324 0.99788 -0.043981 0.0479615 -82.4361 0.0439473 0.999032 0.0017564 0.727798 -0.0479924 0.000355099 0.998848 -177.452 
325 0.997842 -0.0424825 0.0500674 -82.8008 0.0422693 0.999092 0.00531099 0.211209 -0.0502475 -0.00318322 0.998732 -178.141 
326 0.997936 -0.03701 0.0524728 -83.2295 0.0370482 0.999313 0.00024528 1.52765 -0.0524459 0.00169925 0.998622 -178.811 
327 0.997948 -0.0367007 0.0524642 -83.2262 0.037202 0.999271 -0.00861181 3.1504 -0.0521099 0.0105459 0.998586 -179.666 
328 0.997903 -0.0381784 0.0522665 -83.1847 0.0389606 0.999142 -0.0140293 4.03358 -0.051686 0.0160362 0.998535 -180.539 
329 0.997817 -0.0379485 0.0540407 -83.5059 0.0387179 0.999162 -0.0132607 3.92426 -0.0534922 0.0153241 0.998451 -181.298 
331 0.997985 -0.025076 0.0582835 -84.2581 0.0247166 0.999671 0.00687959 1.22034 -0.0584368 -0.00542517 0.998276 -182.665 
332 0.998063 -0.0151473 0.0603441 -84.6294 0.0145515 0.999841 0.0103002 1.3251 -0.0604906 -0.00940214 0.998124 -183.424 
333 0.997961 -0.0173165 0.0614356 -84.8223 0.0169811 0.999838 0.00597831 1.9677 -0.0615292 -0.00492288 0.998093 -184.133 
334 0.99778 -0.0225541 0.0626673 -85.0531 0.0228807 0.999728 -0.00449757 3.53149 -0.0625488 0.00592146 0.998024 -184.872 
335 0.997658 -0.0233539 0.0642863 -85.3503 0.0239284 0.99968 -0.00818009 4.17554 -0.0640747 0.0096992 0.997898 -185.589 
336 0.997617 -0.0224853 0.0652344 -85.5224 0.0228269 0.999729 -0.00449621 3.56538 -0.0651157 0.0059746 0.99786 -186.382 
337 0.997645 -0.0230467 0.0646057 -85.3971 0.0229833 0.999734 0.00172413 2.36639 -0.0646283 -0.000235221 0.997909 -187.313 
338 0.997439 -0.0300096 0.0649244 -85.46 0.0299101 0.999549 0.00250396 1.71711 -0.0649703 -0.000555651 0.997887 -188.141 
339 0.997339 -0.0324739 0.0652726 -85.5228 0.0325648 0.99947 -0.0003284 2.08342 -0.0652273 0.00245312 0.997867 -188.971 
340 0.997173 -0.0359888 0.0659584 -85.6514 0.0362911 0.999336 -0.00339068 2.42149 -0.0657925 0.0057748 0.997817 -189.771 
341 0.997005 -0.0395004 0.0664949 -85.7898 0.0399759 0.999184 -0.00583394 2.6444 -0.0662101 0.00847465 0.99777 -190.863 
342 0.996858 -0.0426966 0.0667166 -85.7918 0.0431394 0.999055 -0.00520962 2.30438 -0.0664312 0.00807137 0.997758 -191.402 
343 0.996907 -0.0406128 0.067279 -85.8947 0.0408251 0.999165 -0.00178314 1.81393 -0.0671504 0.00452429 0.997733 -192.185 
344 0.996736 -0.0430839 0.0682795 -86.0899 0.042919 0.999071 0.00388149 0.549531 -0.0683833 -0.000938335 0.997659 -192.953 
345 0.996618 -0.0442442 0.0692465 -86.2614 0.0440946 0.999021 0.00368833 0.505066 -0.0693418 -0.000622462 0.997593 -193.677 
346 0.996482 -0.0438497 0.0714215 -86.6805 0.0443906 0.998996 -0.00600273 2.42675 -0.0710865 0.00915205 0.997428 -194.302 
347 0.996428 -0.0415071 0.0735383 -87.1208 0.0427254 0.998973 -0.0150707 4.39153 -0.0728372 0.0181588 0.997179 -195.201 
348 0.996643 -0.0348929 0.0740556 -87.1898 0.036263 0.999194 -0.0172375 5.30874 -0.0733944 0.0198651 0.997105 -195.629 
349 0.99664 -0.0336855 0.0746597 -87.3071 0.0345649 0.999347 -0.0105184 4.08924 -0.0742566 0.0130636 0.997154 -196.37 
350 0.996616 -0.035634 0.0740699 -87.1876 0.0361223 0.999334 -0.00526328 2.91922 -0.073833 0.00792105 0.997239 -197.193 
351 0.996664 -0.0354618 0.0735014 -87.0732 0.0355219 0.999369 0.000489139 1.80573 -0.0734723 0.0021234 0.997295 -198.007 
352 0.996797 -0.0328407 0.0729163 -86.9518 0.0326581 0.99946 0.00369569 1.3731 -0.0729983 -0.00130255 0.997331 -198.768 
353 0.997101 -0.0296115 0.0700926 -86.4217 0.0291192 0.999544 0.00803565 0.74634 -0.0702986 -0.00597131 0.997508 -200.022 
355 0.997735 -0.0292361 0.0605814 -84.4741 0.0290111 0.999569 0.00458994 1.47636 -0.0606895 -0.00282201 0.998153 -201.959 
356 0.997974 -0.0332477 0.054243 -83.1929 0.0335497 0.999426 -0.00466757 3.08084 -0.0540567 0.00647795 0.998517 -203.24 
358 0.998261 -0.0409681 0.0423946 -80.7757 0.0413175 0.999119 -0.0073978 3.1205 -0.0420542 0.00913657 0.999074 -205.624 
360 0.998791 -0.0405937 0.0277296 -77.7489 0.0403547 0.999144 0.00912338 -0.253179 -0.0280762 -0.00799333 0.999574 -208.169 
362 0.999005 -0.042625 0.0131558 -74.7201 0.0424559 0.999015 0.012875 -1.19167 -0.0136916 -0.0123036 0.999831 -210.648 
364 0.999497 -0.031688 0.00109882 -72.1465 0.0316867 0.999497 0.00114831 2.09711 -0.00113466 -0.00111292 0.999999 -212.826 
366 0.999596 -0.0271671 -0.00838032 -70.1178 0.0271559 0.99963 -0.00145032 3.00079 0.00841662 0.00122216 0.999964 -214.781 
368 0.999474 -0.0311279 -0.00911313 -69.9641 0.0310862 0.999506 -0.00467671 3.41992 0.0092542 0.00439096 0.999948 -216.113 
370 0.999427 -0.0327362 -0.00862399 -70.066 0.0326551 0.999423 -0.00937985 4.34579 0.00892607 0.00909286 0.999919 -217.378 
372 0.998932 -0.0455166 -0.00794652 -70.2042 0.0455521 0.998953 0.00434487 0.447187 0.00774043 -0.00470221 0.999959 -218.674 
374 0.999284 -0.0377721 -0.00234601 -71.4162 0.0378074 0.999132 0.0174732 -1.86475 0.00168398 -0.0175493 0.999845 -219.604 
376 0.998877 -0.0470342 0.00577125 -73.1936 0.0470363 0.998893 -0.000231387 1.37277 -0.00575398 0.000502585 0.999983 -220.389 
377 0.999064 -0.0420391 0.010224 -74.167 0.0421849 0.999005 -0.0144847 4.8884 -0.0096049 0.0149025 0.999843 -220.718 
378 0.999268 -0.0353086 0.014714 -75.1543 0.0356553 0.999076 -0.0240073 7.48844 -0.0138528 0.0245144 0.999603 -221.02 
380 0.999088 -0.0377628 0.0199094 -76.3539 0.0380792 0.999151 -0.0157557 5.52352 -0.0192975 0.0164995 0.999678 -222.721 
382 0.999258 -0.0283841 0.0260253 -77.637 0.0284576 0.999592 -0.0024572 3.21346 -0.0259449 0.003196 0.999658 -223.048 
384 0.99952 -0.0132187 0.0280153 -78.0456 0.0135597 0.999836 -0.0120155 6.45438 -0.0278518 0.0123896 0.999535 -224.283 
386 0.999499 -0.00760277 0.030713 -78.656 0.00797153 0.999897 -0.0119019 6.86081 -0.0306194 0.0121408 0.999457 -225.798 
387 0.999504 -0.00192305 0.031433 -78.7753 0.00215361 0.999971 -0.00730263 6.22719 -0.0314181 0.0073667 0.999479 -226.186 
388 0.999441 0.00688317 0.0327195 -79.0354 -0.00667695 0.999957 -0.00640773 6.66305 -0.0327622 0.00618568 0.999444 -226.824 
389 0.999397 0.0085552 0.0336608 -79.2462 -0.00823483 0.99992 -0.00964491 7.52821 -0.0337406 0.0093619 0.999387 -227.47 
390 0.999375 0.00955592 0.0340369 -79.3196 -0.00908689 0.999862 -0.0139081 8.57909 -0.0341651 0.0135902 0.999324 -228.101 
391 0.999334 0.010684 0.0348806 -79.5069 -0.0100974 0.999805 -0.0169497 9.3685 -0.0350549 0.0165862 0.999248 -228.726 
392 0.999303 0.0116196 0.0354725 -79.7085 -0.0111099 0.999833 -0.0145328 8.92172 -0.0356354 0.0141286 0.999265 -230.045 
394 0.999234 0.0160492 0.0356839 -79.6699 -0.0161275 0.999868 0.00190508 5.44431 -0.0356486 -0.00247911 0.999361 -230.903 
395 0.999253 0.0146786 0.0357476 -79.6929 -0.0149469 0.999862 0.00724891 4.11205 -0.0356363 -0.00777781 0.999335 -231.636 
397 0.9993 0.0131484 0.0350174 -79.5272 -0.0131508 0.999914 -0.000161874 5.73997 -0.0350165 -0.000298746 0.999387 -233.089 
399 0.999227 0.0155135 0.0361235 -79.8536 -0.0150558 0.999803 -0.0129086 8.9371 -0.0363167 0.0123547 0.999264 -234.722 
401 0.999102 0.0166837 0.038939 -80.4305 -0.0159518 0.999692 -0.019032 10.4661 -0.0392445 0.0183938 0.99906 -235.414 
403 0.998249 0.0280859 0.052066 -83.4645 -0.0272037 0.999475 -0.0175761 10.9488 -0.0525323 0.016129 0.998489 -235.574 
405 0.996523 0.0315196 0.0771318 -89.3311 -0.0307807 0.999468 -0.0107498 9.58619 -0.0774297 0.00833821 0.996963 -234.656 
407 0.992284 0.0371705 0.118281 -98.9126 -0.0361694 0.999289 -0.0106 9.94688 -0.118591 0.00624009 0.992924 -231.922 
409 0.984608 0.0363821 0.170948 -111.107 -0.0339888 0.999279 -0.0169073 11.3403 -0.17144 0.0108368 0.985135 -227.32 
411 0.970395 0.036288 0.23878 -126.583 -0.0336324 0.999319 -0.0151881 10.9197 -0.239169 0.00670772 0.970955 -220.076 
413 0.946697 0.026489 0.321034 -144.998 -0.0255621 0.999648 -0.0071025 8.38696 -0.321109 -0.0014824 0.947041 -209.447 
415 0.911155 0.0097785 0.411948 -164.981 -0.010667 0.999943 -0.000142295 5.6588 -0.411926 -0.00426461 0.911208 -195.061 
417 0.862046 -0.0188485 0.506479 -184.693 0.0150611 0.99982 0.0115734 0.985799 -0.506606 -0.00234868 0.862174 -177.441 
419 0.796581 -0.0348881 0.603524 -204.131 0.0305694 0.999381 0.0174236 -1.51512 -0.603759 0.00457006 0.797154 -155.437 
421 0.721584 -0.0437744 0.690941 -220.518 0.0506971 0.998661 0.0103244 -1.13273 -0.690468 0.0275788 0.722837 -131.971 
422 0.681708 -0.0483929 0.730022 -227.452 0.0626875 0.998004 0.00761849 -1.27153 -0.728933 0.0405697 0.683381 -119.956 
423 0.639488 -0.0516946 0.767061 -233.85 0.0710395 0.997441 0.00799603 -1.91753 -0.765512 0.0493783 0.641524 -107.227 
425 0.548795 -0.050306 0.834442 -244.289 0.0780446 0.996911 0.00877245 -2.5607 -0.832306 0.0603094 0.551026 -81.3224 
426 0.500479 -0.0435386 0.864653 -248.517 0.075577 0.997119 0.00646328 -1.8115 -0.862444 0.0621131 0.502327 -67.5829 
427 0.44973 -0.0340261 0.892516 -252.017 0.0691085 0.997604 0.00320935 -0.565113 -0.890487 0.0602371 0.451004 -53.2983 
429 0.345521 -0.0209455 0.938177 -256.462 0.0569643 0.998375 0.00131005 0.705842 -0.93668 0.05299 0.346153 -24.8574 
431 0.245694 -0.0194519 0.969152 -257.664 0.0558664 0.998421 0.00587646 -0.365985 -0.967736 0.0526992 0.246393 1.2433 
433 0.155517 -0.0145654 0.987726 -256.467 0.0556005 0.998435 0.00596905 -0.370592 -0.986267 0.0539898 0.156083 24.1459 
435 0.0811878 -0.0121595 0.996625 -253.93 0.0543165 0.998494 0.00775756 -0.700254 -0.995218 0.0535033 0.081726 41.8463 
437 0.0258804 -0.012675 0.999585 -251.165 0.0488864 0.998739 0.0113986 -1.29635 -0.998469 0.0485711 0.0264674 55.0959 
439 -0.0156082 -0.015776 0.999754 -248.66 0.0457669 0.998816 0.0164757 -2.36497 -0.99883 0.0460128 -0.0148677 64.2933 
441 -0.0390527 -0.0198988 0.999039 -247.08 0.0433195 0.998828 0.021588 -3.49903 -0.998298 0.0441209 -0.038145 69.0455 
444 -0.0507286 -0.0197123 0.998518 -246.205 0.0415595 0.998897 0.0218311 -3.43495 -0.997847 0.0426054 -0.0498534 69.6335 
446 -0.0512748 -0.0192338 0.998499 -246.157 0.0430277 0.998844 0.02145 -3.41457 -0.997757 0.044063 -0.0503879 68.3384 
448 -0.0503658 -0.0168376 0.998589 -246.229 0.0407378 0.998991 0.0188991 -2.64748 -0.9979 0.0416322 -0.0496291 66.4443 
450 -0.0479315 -0.0140603 0.998752 -246.431 0.0374059 0.999174 0.0158614 -1.70953 -0.99815 0.0381195 -0.0473659 63.251 
452 -0.0459286 -0.0141161 0.998845 -246.512 0.0354819 0.999246 0.0157533 -1.58073 -0.998314 0.0361644 -0.0453931 61.8235 
453 -0.0442752 -0.0128776 0.998936 -246.615 0.036729 0.99922 0.0145092 -1.3322 -0.998344 0.0373323 -0.0437676 60.5258 
454 -0.0424644 -0.0103755 0.999044 -246.722 0.0370909 0.99924 0.0119541 -0.712285 -0.998409 0.0375631 -0.0420473 59.2981 
455 -0.0407251 -0.00709467 0.999145 -246.838 0.037208 0.99927 0.00861215 0.116206 -0.998477 0.0375269 -0.0404314 57.6696 
457 -0.0384783 -0.00555659 0.999244 -246.978 0.0399075 0.999178 0.00709295 0.364745 -0.998462 0.0401502 -0.038225 54.4786 
459 -0.0356867 -0.00225233 0.99936 -247.095 0.0494679 0.998768 0.00401747 0.738441 -0.998138 0.0495796 -0.0355313 52.2738 
460 -0.0353253 -0.00199439 0.999374 -247.116 0.0501983 0.998732 0.00376749 0.78183 -0.998114 0.0503 -0.0351804 51.11 
461 -0.036802 -0.0023738 0.99932 -247.041 0.0468545 0.998893 0.0040983 0.855663 -0.998224 0.0469735 -0.03665 50.335 
463 -0.0407345 0.00130757 0.999169 -246.83 0.041279 0.999148 0.000375339 2.02675 -0.998317 0.04126 -0.0407538 49.3493 
464 -0.0428869 0.00364642 0.999073 -246.718 0.0470191 0.998893 -0.00162739 2.31473 -0.997973 0.0469058 -0.0430108 48.8546 
