0 0.999984 0.0036995 -0.00416387 0.00251407 -0.00369069 0.999991 0.00212076 -0.00593972 0.00417168 -0.00210536 0.999989 -0.00877231 
8 0.992106 0.00358287 0.125351 -0.395199 -0.00782519 0.999413 0.0333676 -0.428829 -0.125158 -0.0340851 0.991551 -1.15506 
10 0.983189 -0.00358185 0.182557 -0.59115 -0.00450368 0.999028 0.0438566 -0.618393 -0.182537 -0.0439415 0.982217 -1.54508 
12 0.970336 -0.013955 0.241357 -0.761921 -0.00204847 0.997822 0.0659285 -0.860873 -0.241751 -0.0644672 0.968194 -1.90438 
14 0.949247 -0.0324195 0.312858 -0.991644 0.00793544 0.996826 0.0792179 -1.13315 -0.314433 -0.0727147 0.946491 -2.30359 
16 0.923929 -0.0328545 0.38115 -1.28874 -0.00518973 0.995137 0.0983593 -1.42248 -0.382528 -0.0928551 0.919266 -2.61573 
18 0.894729 -0.0465455 0.444178 -1.4234 -0.00914905 0.992435 0.122427 -1.75382 -0.446517 -0.113603 0.887534 -2.93241 
20 0.849469 -0.0588928 0.524342 -1.67466 -0.0132719 0.991052 0.132814 -2.08881 -0.527472 -0.11978 0.841086 -3.24657 
22 0.800567 -0.0801319 0.593861 -1.87995 -0.0245979 0.985789 0.166176 -2.60874 -0.598738 -0.147643 0.78722 -3.45077 
24 0.733359 -0.11553 0.669953 -2.0631 -0.0210018 0.981135 0.192182 -3.09892 -0.679517 -0.155008 0.717098 -3.70524 
25 0.696828 -0.133901 0.704628 -2.11178 -0.028701 0.976426 0.213935 -3.44975 -0.716664 -0.169299 0.676558 -3.89088 
26 0.654108 -0.14633 0.742112 -2.24838 -0.0410419 0.972798 0.227991 -3.77953 -0.755287 -0.179589 0.630309 -4.01783 
27 0.613504 -0.165526 0.772149 -2.3445 -0.0422417 0.969507 0.241396 -4.10205 -0.788561 -0.180714 0.587804 -4.23235 
28 0.568286 -0.187474 0.801189 -2.47011 -0.0457759 0.964987 0.258271 -4.34787 -0.821557 -0.183447 0.539807 -4.34551 
29 0.507017 -0.209373 0.83612 -2.70295 -0.0641479 0.958193 0.278841 -4.78898 -0.859546 -0.195012 0.472389 -4.52867 
30 0.458583 -0.227616 0.859007 -2.9001 -0.064404 0.955586 0.287589 -5.04463 -0.886315 -0.187207 0.423556 -4.74935 
31 0.399713 -0.24976 0.881958 -3.17986 -0.0631593 0.952372 0.298325 -5.24593 -0.914462 -0.174948 0.364901 -5.05152 
32 0.350288 -0.268457 0.897345 -3.36131 -0.0589345 0.94983 0.307165 -5.43688 -0.934786 -0.160481 0.316893 -5.58906 
33 0.292894 -0.289207 0.911357 -3.567 -0.0702412 0.944074 0.322164 -5.69992 -0.953561 -0.158375 0.2562 -5.88851 
35 0.181061 -0.313874 0.932041 -4.22725 -0.0639852 0.941937 0.329637 -5.89532 -0.981388 -0.119321 0.150465 -6.76099 
36 0.130487 -0.318776 0.938805 -4.44136 -0.069574 0.941623 0.329403 -5.89241 -0.989006 -0.108299 0.100691 -6.97199 
38 0.0400487 -0.332803 0.942145 -4.93377 -0.0711346 0.93956 0.334914 -5.9084 -0.996662 -0.080432 0.0139544 -7.47434 
40 -0.0312954 -0.341432 0.939385 -5.38218 -0.0760731 0.937933 0.33837 -5.96632 -0.996611 -0.0608725 -0.0553268 -8.10448 
42 -0.0884575 -0.345027 0.934415 -5.79775 -0.0802762 0.93751 0.33857 -5.99287 -0.99284 -0.0450622 -0.110627 -8.89008 
44 -0.125149 -0.346096 0.929815 -6.09772 -0.0835445 0.937531 0.337723 -6.0158 -0.988614 -0.0354152 -0.146245 -9.84435 
46 -0.148291 -0.349981 0.924945 -6.29782 -0.081747 0.936423 0.341218 -6.00742 -0.985559 -0.025012 -0.167473 -10.9986 
48 -0.159355 -0.349529 0.923274 -6.40361 -0.0794524 0.936732 0.34091 -5.94968 -0.984019 -0.0190307 -0.177044 -12.3341 
50 -0.159769 -0.34699 0.92416 -6.40458 -0.0768863 0.937716 0.338788 -5.88713 -0.984156 -0.0169274 -0.176497 -13.6912 
52 -0.156414 -0.351266 0.923118 -6.34626 -0.0738184 0.936165 0.343723 -5.8623 -0.984929 -0.0143799 -0.172359 -15.2875 
54 -0.153211 -0.352528 0.923174 -6.27568 -0.0773924 0.935615 0.344435 -5.90139 -0.985158 -0.0186753 -0.17063 -16.7949 
56 -0.149341 -0.353561 0.923413 -6.19902 -0.071075 0.935309 0.346621 -5.78532 -0.986228 -0.0138669 -0.164809 -18.5866 
57 -0.148076 -0.353287 0.923722 -6.17238 -0.0691155 0.935431 0.346686 -5.72709 -0.986558 -0.0125077 -0.162932 -19.3565 
58 -0.146087 -0.355352 0.923246 -6.12456 -0.0698183 0.934635 0.348688 -5.7404 -0.986805 -0.0135208 -0.161348 -20.238 
59 -0.143924 -0.357506 0.922754 -6.06335 -0.0725177 0.933766 0.350461 -5.79902 -0.986928 -0.0164761 -0.160317 -21.1424 
60 -0.142392 -0.358124 0.922752 -6.02026 -0.0732345 0.933508 0.350998 -5.80914 -0.987097 -0.0175979 -0.159151 -22.0342 
61 -0.14085 -0.35556 0.92398 -6.00095 -0.0706505 0.934514 0.348844 -5.73692 -0.987507 -0.0161451 -0.156747 -22.9185 
62 -0.139986 -0.353495 0.924903 -5.98285 -0.0687612 0.935316 0.347068 -5.67647 -0.987763 -0.0150128 -0.155238 -23.7105 
64 -0.138406 -0.352642 0.925466 -5.95052 -0.0709191 0.93559 0.345894 -5.70974 -0.987833 -0.0177595 -0.1545 -25.6042 
65 -0.137963 -0.35126 0.926057 -5.95222 -0.0778897 0.935951 0.343409 -5.87956 -0.98737 -0.0247526 -0.156486 -26.3893 
66 -0.138507 -0.348501 0.927018 -5.97154 -0.0821695 0.936857 0.339922 -5.97976 -0.986947 -0.0290911 -0.158397 -27.2148 
67 -0.139176 -0.347624 0.927247 -5.99009 -0.0815414 0.937203 0.339118 -5.94657 -0.986905 -0.0284119 -0.158782 -28.108 
68 -0.138827 -0.348076 0.92713 -5.961 -0.0741197 0.937222 0.340766 -5.71987 -0.987539 -0.021411 -0.155911 -29.0348 
69 -0.13927 -0.349456 0.926544 -5.95237 -0.067024 0.936844 0.343266 -5.49675 -0.987984 -0.0142942 -0.153896 -29.9632 
70 -0.139412 -0.351509 0.925746 -5.94024 -0.0619072 0.936141 0.346133 -5.32245 -0.988297 -0.00905543 -0.15227 -30.8919 
71 -0.139736 -0.353094 0.925094 -5.9371 -0.0620077 0.935547 0.347718 -5.30351 -0.988245 -0.00877425 -0.152624 -31.7885 
72 -0.139661 -0.353318 0.92502 -5.93147 -0.0654318 0.935426 0.347414 -5.39687 -0.988035 -0.0120055 -0.153761 -32.6625 
73 -0.140113 -0.353231 0.924985 -5.94631 -0.0680644 0.935426 0.346908 -5.47292 -0.987793 -0.0143524 -0.155107 -33.547 
74 -0.139746 -0.354886 0.924406 -5.91589 -0.0668943 0.934818 0.348771 -5.42182 -0.987925 -0.0130984 -0.154376 -34.4371 
75 -0.13959 -0.355921 0.924032 -5.89913 -0.0646038 0.934453 0.350176 -5.32288 -0.9881 -0.0108148 -0.153434 -35.3452 
76 -0.139188 -0.357086 0.923643 -5.87021 -0.0661881 0.933991 0.351112 -5.36054 -0.988052 -0.0122636 -0.153635 -36.2142 
77 -0.138785 -0.357864 0.923402 -5.85577 -0.071544 0.933613 0.351068 -5.54167 -0.987735 -0.0173409 -0.155175 -37.0495 
78 -0.138657 -0.358911 0.923015 -5.84057 -0.0758781 0.933129 0.351445 -5.69584 -0.987429 -0.0213062 -0.156618 -37.9125 
79 -0.138471 -0.357834 0.923461 -5.82493 -0.0751301 0.933552 0.350479 -5.6629 -0.987513 -0.0208485 -0.156154 -38.6068 
81 -0.137171 -0.356946 0.923998 -5.77325 -0.0674419 0.934017 0.350805 -5.31725 -0.988249 -0.0141958 -0.152194 -40.5934 
82 -0.136821 -0.355753 0.92451 -5.76317 -0.0617833 0.934535 0.350467 -5.07212 -0.988667 -0.00916803 -0.149844 -41.4469 
84 -0.136647 -0.355886 0.924485 -5.74895 -0.0587757 0.934508 0.351056 -4.90236 -0.988875 -0.00636647 -0.148615 -43.1871 
86 -0.135946 -0.356877 0.924206 -5.7029 -0.0676086 0.934034 0.350727 -5.26321 -0.988407 -0.0148045 -0.151106 -44.8446 
87 -0.135432 -0.360515 0.922869 -5.65273 -0.0703145 0.9326 0.353997 -5.36959 -0.988288 -0.0169487 -0.151653 -45.6375 
89 -0.136409 -0.36154 0.922324 -5.67506 -0.0739406 0.932145 0.354454 -5.50747 -0.987889 -0.0198466 -0.153885 -47.277 
91 -0.139072 -0.35412 0.924802 -5.81788 -0.0786154 0.934878 0.346155 -5.71858 -0.987157 -0.0245632 -0.157854 -48.8961 
93 -0.143314 -0.351122 0.925297 -6.03469 -0.0685653 0.936224 0.344649 -5.18856 -0.987299 -0.0140501 -0.158249 -50.6916 
95 -0.146467 -0.350193 0.925155 -6.18672 -0.0658353 0.936618 0.34411 -5.00621 -0.987022 -0.0105072 -0.160239 -52.2966 
96 -0.147252 -0.353394 0.923813 -6.21759 -0.0698155 0.935378 0.34669 -5.1944 -0.986632 -0.0134457 -0.162408 -53.0942 
97 -0.147894 -0.357489 0.922133 -6.23002 -0.073686 0.933778 0.350185 -5.38262 -0.986254 -0.0161578 -0.164442 -53.8857 
98 -0.14888 -0.361558 0.920386 -6.26807 -0.0753993 0.9322 0.354002 -5.45378 -0.985976 -0.0166925 -0.166048 -54.6866 
99 -0.149672 -0.363209 0.919607 -6.29576 -0.0744268 0.931584 0.355826 -5.37954 -0.985931 -0.0151864 -0.166464 -55.5073 
100 -0.150711 -0.363063 0.919495 -6.34411 -0.0729421 0.931668 0.355914 -5.27837 -0.985883 -0.01343 -0.166895 -56.35 
101 -0.151311 -0.364857 0.918686 -6.36716 -0.0735937 0.930966 0.357613 -5.29318 -0.985743 -0.0134986 -0.167717 -57.1893 
102 -0.151805 -0.365715 0.918263 -6.38334 -0.0738476 0.93063 0.358432 -5.29115 -0.985648 -0.0133997 -0.168282 -58.01 
103 -0.152344 -0.364459 0.918674 -6.40656 -0.0720934 0.931145 0.357451 -5.17544 -0.985695 -0.0117746 -0.16813 -58.8253 
105 -0.152752 -0.363963 0.918802 -6.42746 -0.0649886 0.9314 0.358149 -4.70994 -0.986125 -0.00500379 -0.165927 -60.4685 
107 -0.154168 -0.363514 0.918743 -6.50584 -0.0628164 0.931585 0.358055 -4.5375 -0.986046 -0.00251152 -0.166456 -62.0634 
108 -0.154614 -0.362354 0.919127 -6.53265 -0.0643424 0.932032 0.356618 -4.64167 -0.985878 -0.00400074 -0.16742 -62.9068 
110 -0.154416 -0.362798 0.918985 -6.50294 -0.0709622 0.931812 0.355938 -5.01963 -0.985454 -0.0102509 -0.169631 -64.3056 
112 -0.15034 -0.365453 0.918609 -6.21843 -0.074127 0.930721 0.35814 -5.19151 -0.985851 -0.0142511 -0.167014 -65.747 
114 -0.141002 -0.364285 0.920551 -5.59431 -0.0712793 0.931163 0.357567 -4.98955 -0.98744 -0.0151985 -0.157262 -67.2866 
116 -0.124885 -0.364171 0.922921 -4.49043 -0.0685443 0.931148 0.358142 -4.75506 -0.989801 -0.0185343 -0.141248 -68.6133 
118 -0.0982763 -0.367794 0.9247 -2.64104 -0.0655414 0.929573 0.362766 -4.49866 -0.992999 -0.0249549 -0.115461 -69.9802 
120 -0.0577553 -0.367591 0.928192 0.214426 -0.0634446 0.929217 0.364049 -4.31905 -0.996313 -0.037863 -0.0769888 -71.2149 
122 -0.00376555 -0.360797 0.932637 4.04779 -0.0630927 0.930871 0.359859 -4.28947 -0.998001 -0.0574875 -0.0262689 -72.1877 
124 0.0674988 -0.351508 0.933748 9.16979 -0.0624251 0.932561 0.355574 -4.23869 -0.995765 -0.0822901 0.0410038 -72.7155 
126 0.152376 -0.339588 0.928149 15.3224 -0.0613888 0.93405 0.351826 -4.15039 -0.986414 -0.110588 0.12148 -72.5656 
128 0.250983 -0.312932 0.916014 22.5207 -0.0666593 0.93847 0.338867 -4.57491 -0.965694 -0.146111 0.21468 -71.5969 
130 0.355485 -0.281957 0.89114 30.1984 -0.0762802 0.941483 0.328315 -5.3277 -0.931564 -0.184688 0.313176 -69.516 
132 0.456324 -0.256486 0.852046 37.666 -0.0771014 0.942557 0.325024 -5.38965 -0.886467 -0.21401 0.410337 -66.6654 
134 0.547589 -0.213404 0.809077 44.338 -0.0870996 0.94714 0.30877 -6.18224 -0.832202 -0.239549 0.500056 -63.0295 
136 0.633197 -0.184499 0.751679 50.8693 -0.0961547 0.944899 0.312923 -6.85632 -0.767995 -0.270419 0.580566 -58.8593 
137 0.676503 -0.171191 0.716266 54.1522 -0.103245 0.940954 0.322406 -7.39043 -0.729167 -0.29206 0.618884 -56.2015 
138 0.718737 -0.157441 0.677222 57.3696 -0.106645 0.937535 0.331142 -7.64461 -0.687055 -0.310226 0.65705 -53.313 
139 0.757792 -0.140881 0.637106 60.2327 -0.108141 0.935793 0.335555 -7.74569 -0.643472 -0.323179 0.693901 -50.2194 
140 0.795181 -0.120724 0.594233 63.2349 -0.109382 0.935347 0.336395 -7.85331 -0.596425 -0.332493 0.730565 -47.093 
141 0.828778 -0.103958 0.549836 65.8346 -0.108857 0.933868 0.340649 -7.80884 -0.548887 -0.342176 0.762652 -43.8723 
143 0.882223 -0.0746603 0.464874 70.0703 -0.101507 0.933968 0.342636 -7.20381 -0.459759 -0.349469 0.81639 -37.9453 
145 0.918378 -0.0545847 0.391921 73.031 -0.0925483 0.933341 0.346857 -6.48335 -0.384729 -0.354818 0.852108 -33.2295 
147 0.938776 -0.0336249 0.342883 74.6745 -0.0922194 0.934387 0.344118 -6.42419 -0.331956 -0.35467 0.874079 -30.4368 
149 0.951667 -0.0207308 0.306431 75.9538 -0.0888089 0.936525 0.339167 -6.11493 -0.294012 -0.349988 0.889419 -28.7502 
151 0.960589 -0.0174215 0.277426 76.807 -0.0810149 0.937159 0.339365 -5.45776 -0.265905 -0.348466 0.898814 -27.9946 
153 0.967401 -0.00728498 0.253143 77.4654 -0.0817325 0.937116 0.339314 -5.48756 -0.239696 -0.348943 0.905972 -27.4354 
155 0.973686 0.00011119 0.227894 78.2592 -0.079371 0.937556 0.338658 -5.27894 -0.213626 -0.347835 0.912894 -26.9121 
156 0.976776 0.00483334 0.214209 78.6447 -0.0795716 0.93643 0.341712 -5.31303 -0.19894 -0.350821 0.915067 -26.5323 
157 0.97877 0.00709368 0.20484 78.909 -0.0792722 0.934728 0.34641 -5.33063 -0.189012 -0.355294 0.915446 -26.517 
158 0.980731 0.0120155 0.194995 79.1655 -0.081294 0.93269 0.351398 -5.5493 -0.177647 -0.360479 0.915694 -26.3644 
160 0.983386 0.0162579 0.180798 79.5884 -0.079131 0.934763 0.346348 -5.28825 -0.163372 -0.354901 0.920519 -26.9499 
161 0.984397 0.0145834 0.175357 79.7141 -0.0742315 0.93796 0.338706 -4.74718 -0.159539 -0.346438 0.924407 -27.5463 
163 0.985558 0.0177094 0.168408 79.9317 -0.0742682 0.938967 0.335894 -4.66929 -0.152181 -0.34355 0.926722 -28.48 
165 0.986333 0.0221024 0.163276 80.0983 -0.0764402 0.939247 0.334622 -4.79775 -0.145961 -0.342529 0.9281 -29.6925 
167 0.986815 0.0277672 0.159451 80.241 -0.0797473 0.940702 0.329727 -4.94137 -0.14084 -0.338096 0.930514 -30.9594 
168 0.987156 0.0295945 0.156994 80.3307 -0.0810913 0.939509 0.332786 -5.09986 -0.137649 -0.341243 0.929842 -31.5291 
169 0.987547 0.0266878 0.155043 80.3752 -0.0786494 0.937267 0.339625 -5.02517 -0.136253 -0.34759 0.927694 -32.2633 
170 0.987837 0.0264908 0.153217 80.4361 -0.0788597 0.934602 0.346842 -5.19571 -0.134009 -0.354707 0.925324 -32.9036 
171 0.988102 0.0261442 0.151562 80.4924 -0.078502 0.933145 0.350824 -5.25332 -0.132258 -0.358548 0.924095 -33.5854 
172 0.988519 0.0255233 0.148928 80.5824 -0.0767708 0.933771 0.34954 -5.06525 -0.130143 -0.356961 0.925009 -34.232 
173 0.989035 0.0233629 0.145821 80.6786 -0.073144 0.935285 0.346254 -4.65734 -0.128294 -0.353123 0.926739 -34.891 
174 0.989502 0.0212622 0.142943 80.7691 -0.0695092 0.937213 0.341761 -4.21206 -0.126702 -0.348109 0.928852 -35.5339 
175 0.989714 0.0244538 0.140956 80.8694 -0.0715284 0.937874 0.339524 -4.31245 -0.123896 -0.346114 0.929976 -36.0707 
176 0.989661 0.0269466 0.140873 80.9238 -0.0739078 0.937561 0.339878 -4.51384 -0.122919 -0.346775 0.929859 -36.6354 
178 0.989747 0.0300059 0.139645 80.9708 -0.0764996 0.936996 0.340862 -4.73715 -0.120619 -0.34805 0.929684 -38.0571 
179 0.989695 0.0320806 0.139551 80.9964 -0.0785439 0.936505 0.341744 -4.9279 -0.119727 -0.349184 0.929374 -38.8143 
180 0.989746 0.0330656 0.138957 81.0574 -0.0792482 0.936493 0.341615 -4.97315 -0.118837 -0.349124 0.929511 -39.3701 
182 0.990063 0.0303635 0.137306 81.0808 -0.0761554 0.936605 0.342011 -4.69432 -0.118217 -0.349069 0.929611 -41.0982 
183 0.989835 0.0305897 0.13889 81.0248 -0.0769538 0.936479 0.342178 -4.75547 -0.1196 -0.349387 0.929314 -42.0506 
184 0.989381 0.0317779 0.141828 80.9142 -0.0790189 0.9366 0.341376 -4.89279 -0.121988 -0.348958 0.929165 -43.1046 
185 0.989146 0.0290854 0.144028 80.807 -0.0773202 0.936556 0.341883 -4.75027 -0.124947 -0.349309 0.92864 -44.2219 
186 0.98905 0.0247194 0.145498 80.7196 -0.0738293 0.936517 0.34276 -4.46217 -0.127788 -0.349748 0.928087 -45.3659 
187 0.98878 0.0234844 0.147522 80.63 -0.0740301 0.934797 0.347381 -4.64003 -0.129745 -0.354405 0.926047 -46.3712 
188 0.988506 0.0218569 0.149592 80.5286 -0.0736832 0.933667 0.350481 -4.72084 -0.132009 -0.357475 0.924546 -47.3218 
189 0.988284 0.0216261 0.151084 80.4694 -0.0742162 0.933088 0.351908 -4.81857 -0.133364 -0.358998 0.923761 -48.0353 
191 0.987497 0.0216361 0.156146 80.2356 -0.0757619 0.933776 0.349747 -4.8361 -0.138238 -0.357204 0.92374 -50.3311 
192 0.987246 0.0212202 0.157782 80.1426 -0.0757149 0.934402 0.348081 -4.75929 -0.140045 -0.355588 0.924091 -51.1379 
193 0.987038 0.0220937 0.158958 80.1152 -0.0763936 0.935747 0.3443 -4.64056 -0.141138 -0.35198 0.925305 -52.2457 
194 0.986866 0.0221012 0.160023 80.0662 -0.0760966 0.937406 0.339822 -4.40557 -0.142496 -0.347536 0.926776 -53.2053 
195 0.98702 0.0226182 0.158998 80.1332 -0.0759249 0.938125 0.337871 -4.2885 -0.141518 -0.345557 0.927665 -53.9974 
196 0.987496 0.02044 0.156316 80.2532 -0.0729462 0.938266 0.338135 -4.02351 -0.139755 -0.345309 0.928025 -54.7244 
197 0.987695 0.0206129 0.155025 80.3285 -0.0728244 0.937864 0.339276 -4.05176 -0.138399 -0.346391 0.927825 -55.5007 
198 0.98776 0.0233583 0.15422 80.4167 -0.0754131 0.937 0.341092 -4.35425 -0.136537 -0.348548 0.927293 -56.237 
199 0.987762 0.0273846 0.153549 80.5065 -0.079165 0.936256 0.342283 -4.73166 -0.134388 -0.35025 0.926966 -56.8637 
200 0.987853 0.0293636 0.152594 80.5952 -0.0806551 0.93624 0.341979 -4.83932 -0.132823 -0.350132 0.927235 -57.7289 
201 0.987807 0.0320268 0.152353 80.6533 -0.0826999 0.937067 0.339214 -4.86872 -0.131901 -0.347677 0.92829 -58.5493 
202 0.987662 0.0347019 0.15271 80.6718 -0.0849591 0.937897 0.336349 -4.91019 -0.131555 -0.345173 0.929273 -59.428 
203 0.987815 0.0355655 0.151516 80.7373 -0.085388 0.937781 0.336564 -4.93133 -0.130119 -0.3454 0.929391 -60.133 
204 0.988052 0.0344488 0.15022 80.825 -0.0842465 0.93691 0.339267 -4.96048 -0.129055 -0.347869 0.928618 -61.0726 
205 0.988413 0.0319742 0.148383 80.9031 -0.0820414 0.935004 0.345018 -5.05599 -0.127707 -0.353193 0.926793 -61.8401 
206 0.988712 0.0303758 0.146715 80.9833 -0.0806538 0.933148 0.350327 -5.2085 -0.126265 -0.358206 0.925065 -62.5926 
207 0.989189 0.0260938 0.144308 81.065 -0.0765466 0.931223 0.356322 -5.15815 -0.125085 -0.363516 0.923152 -63.3613 
208 0.989322 0.0264387 0.143326 81.1361 -0.0766057 0.930938 0.357053 -5.19128 -0.123988 -0.36422 0.923023 -64.1434 
209 0.989055 0.0298263 0.1445 81.1244 -0.07944 0.932935 0.351172 -5.09827 -0.124335 -0.358808 0.925093 -65.0491 
210 0.988864 0.0306182 0.145638 81.0701 -0.079427 0.93616 0.342486 -4.56817 -0.125854 -0.350239 0.928167 -66.0348 
211 0.98854 0.0318966 0.147548 80.9762 -0.0803101 0.938744 0.335126 -4.18893 -0.12782 -0.343135 0.930548 -67.0672 
212 0.98812 0.0326948 0.150169 80.8202 -0.08225 0.937902 0.337008 -4.46022 -0.129826 -0.345356 0.929448 -68.0955 
213 0.987403 0.0365493 0.153945 80.6406 -0.0876046 0.936498 0.339554 -5.08681 -0.131759 -0.348763 0.927903 -69.1146 
214 0.987038 0.0365384 0.15627 80.4444 -0.0886697 0.935778 0.341259 -5.24317 -0.133765 -0.350692 0.926888 -70.0734 
215 0.986837 0.033674 0.158175 80.3108 -0.0869167 0.935247 0.343159 -5.21239 -0.136377 -0.35239 0.925863 -71.2096 
216 0.986563 0.0304537 0.160518 80.092 -0.0852233 0.934147 0.346565 -5.25719 -0.139393 -0.355588 0.92419 -72.3152 
217 0.986063 0.0283671 0.163934 79.8137 -0.0850139 0.932911 0.349927 -5.44314 -0.14301 -0.358987 0.922321 -73.4404 
218 0.985801 0.0252189 0.166012 79.6069 -0.0834311 0.93155 0.353913 -5.54267 -0.145723 -0.362738 0.920427 -74.4855 
219 0.985711 0.0195423 0.16731 79.4038 -0.0786729 0.931671 0.354681 -5.1404 -0.148947 -0.362776 0.919896 -75.5611 
220 0.985486 0.0152415 0.169074 79.1692 -0.0751615 0.932197 0.354062 -4.74413 -0.152213 -0.361631 0.919812 -76.6431 
221 0.984923 0.0115026 0.17261 78.8441 -0.0720346 0.934438 0.348763 -4.0948 -0.157282 -0.355939 0.921179 -77.8608 
222 0.98429 0.00997739 0.176276 78.5402 -0.0710394 0.9364 0.343669 -3.63068 -0.161636 -0.350792 0.922398 -79.0239 
223 0.983424 0.00915685 0.18109 78.1541 -0.0713898 0.937611 0.340278 -3.40823 -0.166676 -0.347565 0.922723 -80.2322 
224 0.982265 0.0076641 0.187339 77.6362 -0.0720435 0.937889 0.339373 -3.38725 -0.173102 -0.346851 0.921808 -81.5504 
225 0.981026 0.00804204 0.193709 77.1417 -0.073978 0.93907 0.335669 -3.28424 -0.179207 -0.343631 0.921847 -82.8315 
226 0.979903 0.00539953 0.199404 76.622 -0.0735891 0.93891 0.336205 -3.26756 -0.185407 -0.344122 0.920437 -84.1189 
227 0.979109 -0.00119076 0.203334 76.098 -0.0691229 0.938481 0.338341 -2.96403 -0.191228 -0.345328 0.918793 -85.353 
228 0.978185 -0.00583576 0.207651 75.6743 -0.0670705 0.937198 0.342288 -3.07572 -0.196608 -0.348749 0.916362 -86.576 
229 0.976892 -0.00703132 0.21362 75.1431 -0.068619 0.936233 0.344614 -3.37957 -0.202421 -0.351309 0.914116 -87.8157 
231 0.974969 -0.013098 0.221955 74.2739 -0.0652487 0.937455 0.341936 -2.83262 -0.212551 -0.347859 0.913135 -90.1698 
232 0.973605 -0.0152139 0.227733 73.7102 -0.064455 0.938836 0.338278 -2.45882 -0.21895 -0.344028 0.913075 -91.4344 
233 0.972098 -0.0163112 0.234008 73.1186 -0.0651378 0.939577 0.336083 -2.32777 -0.22535 -0.341948 0.912299 -92.6893 
234 0.970404 -0.0170718 0.240882 72.4786 -0.06774 0.938205 0.339387 -2.81774 -0.23179 -0.34566 0.909281 -93.9498 
235 0.968421 -0.0193651 0.248566 71.7067 -0.0700913 0.935624 0.34597 -3.55488 -0.239264 -0.352467 0.904721 -95.2818 
236 0.966007 -0.0206612 0.25769 70.8145 -0.0726405 0.934947 0.347272 -3.88984 -0.248101 -0.354186 0.901664 -96.6923 
237 0.963248 -0.023732 0.267563 69.7838 -0.0726624 0.935931 0.344605 -3.6596 -0.258599 -0.351382 0.89981 -98.2208 
238 0.960061 -0.0262627 0.278555 68.6396 -0.0726694 0.938012 0.338899 -3.18032 -0.270188 -0.345606 0.898641 -99.8185 
239 0.956818 -0.0306131 0.28907 67.4642 -0.0702403 0.940622 0.332108 -2.36665 -0.282073 -0.338072 0.897854 -101.433 
240 0.953508 -0.0344664 0.299389 66.3013 -0.0692862 0.941756 0.329083 -2.00075 -0.293294 -0.334527 0.895584 -102.979 
241 0.950218 -0.0425295 0.308668 65.0249 -0.0668094 0.939791 0.335157 -2.22982 -0.304338 -0.339094 0.890165 -104.459 
243 0.94258 -0.0519822 0.32991 62.531 -0.0703046 0.934796 0.348157 -3.67963 -0.326497 -0.35136 0.877466 -107.535 
244 0.938321 -0.053753 0.341561 61.2117 -0.0713471 0.936483 0.34338 -3.35984 -0.338324 -0.34657 0.874886 -109.073 
245 0.934242 -0.0573102 0.352006 59.9363 -0.0693523 0.938969 0.336938 -2.58438 -0.349833 -0.339194 0.873249 -110.572 
246 0.929621 -0.05994 0.36361 58.5352 -0.0692141 0.940726 0.332031 -2.12075 -0.361959 -0.33383 0.870369 -112.087 
247 0.924565 -0.0626854 0.375833 56.9821 -0.0718122 0.940029 0.333449 -2.46838 -0.374196 -0.335285 0.864616 -113.615 
248 0.919989 -0.0666393 0.386237 55.6651 -0.0735812 0.938554 0.337199 -2.97972 -0.384974 -0.338639 0.858556 -115.047 
249 0.916291 -0.0679686 0.394703 54.615 -0.0780654 0.936285 0.342456 -3.88086 -0.392831 -0.344602 0.852604 -116.289 
250 0.9129 -0.0689726 0.402314 53.6613 -0.0822036 0.934361 0.346717 -4.6703 -0.39982 -0.349589 0.847308 -117.466 
251 0.909786 -0.0724122 0.408713 52.7461 -0.0823815 0.933576 0.348782 -4.87051 -0.406821 -0.350987 0.843389 -118.646 
252 0.906902 -0.0804278 0.413594 51.8234 -0.0773949 0.933111 0.35116 -4.58063 -0.414172 -0.350478 0.840016 -119.839 
253 0.903433 -0.0826307 0.420691 50.8468 -0.0771364 0.933911 0.349086 -4.34678 -0.421733 -0.347826 0.837352 -121.047 
254 0.899583 -0.0838623 0.428623 49.7853 -0.076139 0.936252 0.342981 -3.66229 -0.430062 -0.341175 0.835851 -122.287 
255 0.896169 -0.0850163 0.435492 48.8499 -0.0740755 0.939033 0.335752 -2.75635 -0.437485 -0.33315 0.835235 -123.47 
256 0.89378 -0.0945065 0.438436 48.0607 -0.0641377 0.940569 0.333492 -1.51448 -0.443896 -0.326189 0.8346 -124.598 
257 0.891681 -0.104664 0.440397 47.3202 -0.0577718 0.938633 0.340045 -1.46417 -0.448962 -0.328654 0.830915 -125.647 
258 0.888845 -0.106341 0.445697 46.58 -0.0616831 0.936073 0.346356 -2.48002 -0.454037 -0.335349 0.825465 -126.692 
259 0.886208 -0.103265 0.451631 45.9235 -0.0697198 0.934014 0.350367 -3.68326 -0.458011 -0.341986 0.820531 -127.679 
260 0.884571 -0.105659 0.45428 45.4561 -0.0689503 0.933676 0.351419 -3.69997 -0.461281 -0.342178 0.818618 -128.679 
261 0.882677 -0.111137 0.45665 44.8819 -0.0629295 0.93494 0.349181 -2.8456 -0.465747 -0.336951 0.818257 -129.725 
262 0.879917 -0.113783 0.461302 44.1127 -0.0603636 0.936262 0.346076 -2.25256 -0.471277 -0.332364 0.816965 -130.788 
263 0.877086 -0.112748 0.466913 43.3759 -0.0641257 0.935875 0.346449 -2.65856 -0.476034 -0.333806 0.813612 -131.808 
264 0.874684 -0.115588 0.470709 42.7034 -0.0661657 0.933582 0.352203 -3.44196 -0.480156 -0.339211 0.808941 -132.786 
265 0.872134 -0.117702 0.474899 42.0018 -0.069173 0.93122 0.357832 -4.32713 -0.484353 -0.344928 0.804007 -133.764 
266 0.869605 -0.120978 0.478698 41.291 -0.0685464 0.93055 0.359693 -4.44499 -0.488967 -0.345604 0.800918 -134.767 
267 0.867594 -0.123414 0.481715 40.7357 -0.0655968 0.931845 0.356879 -3.82618 -0.492928 -0.341225 0.800367 -135.752 
268 0.865348 -0.125788 0.48513 40.1151 -0.063762 0.932492 0.355518 -3.47243 -0.4971 -0.33858 0.798909 -136.731 
269 0.862642 -0.128399 0.489247 39.3421 -0.0629553 0.932469 0.355722 -3.37876 -0.501882 -0.337661 0.796303 -137.733 
270 0.860234 -0.128285 0.493499 38.7413 -0.0648047 0.93248 0.355362 -3.53485 -0.505765 -0.337675 0.793837 -138.687 
271 0.857884 -0.128259 0.49758 38.128 -0.066639 0.932399 0.355234 -3.70243 -0.509505 -0.337907 0.791343 -139.632 
272 0.855248 -0.129334 0.50182 37.4116 -0.0671051 0.932563 0.354715 -3.67045 -0.513855 -0.337044 0.788894 -140.593 
273 0.852977 -0.132063 0.504965 36.7919 -0.0656371 0.932641 0.354785 -3.51495 -0.517805 -0.335768 0.786853 -141.539 
274 0.850524 -0.134085 0.508557 36.125 -0.0652829 0.932562 0.355058 -3.48814 -0.521869 -0.335185 0.784413 -142.479 
275 0.847895 -0.134711 0.512764 35.4306 -0.0684802 0.931249 0.35789 -4.1311 -0.525723 -0.338567 0.780377 -143.391 
276 0.845277 -0.135075 0.516974 34.7425 -0.0720003 0.929903 0.36069 -4.80922 -0.529455 -0.342105 0.7763 -144.28 
277 0.843014 -0.136066 0.520397 34.143 -0.0738522 0.929035 0.362547 -5.20918 -0.532797 -0.344065 0.773141 -145.153 
278 0.840951 -0.137337 0.523393 33.5911 -0.0719866 0.930263 0.359762 -4.68214 -0.536302 -0.340219 0.772419 -146.047 
279 0.838949 -0.138613 0.526262 32.9899 -0.067337 0.933148 0.353129 -3.40748 -0.540029 -0.331694 0.77353 -146.992 
280 0.836896 -0.136664 0.530027 32.5491 -0.0650504 0.936634 0.344218 -2.12663 -0.543483 -0.322553 0.774975 -147.856 
281 0.835139 -0.134854 0.533252 32.1185 -0.0650836 0.938441 0.339252 -1.54613 -0.546175 -0.318028 0.774952 -148.697 
283 0.830959 -0.13407 0.539937 31.0391 -0.0701782 0.937515 0.340795 -2.25801 -0.55189 -0.321079 0.769627 -150.273 
285 0.827453 -0.134569 0.545173 30.073 -0.0737792 0.936391 0.343117 -2.90839 -0.556667 -0.324135 0.764891 -151.815 
287 0.824539 -0.134308 0.549634 29.3713 -0.0750488 0.936874 0.341519 -2.83278 -0.560806 -0.322845 0.762409 -153.174 
289 0.821601 -0.132775 0.554384 28.6339 -0.0766087 0.937959 0.338177 -2.58786 -0.564891 -0.320317 0.760457 -154.488 
291 0.818921 -0.132324 0.558443 27.915 -0.0786439 0.938003 0.337587 -2.72973 -0.568492 -0.320375 0.757744 -155.719 
293 0.816184 -0.135252 0.561738 27.1855 -0.0817265 0.935417 0.34397 -3.81686 -0.571982 -0.326652 0.752419 -156.764 
295 0.810306 -0.13061 0.571266 25.7348 -0.0893682 0.9359 0.34074 -4.30326 -0.579153 -0.327157 0.746693 -157.891 
297 0.803336 -0.138034 0.579308 23.7947 -0.0845877 0.936456 0.340433 -3.68995 -0.589488 -0.322484 0.740613 -159.029 
300 0.791429 -0.149881 0.592601 20.5444 -0.070773 0.940484 0.332386 -1.05991 -0.60715 -0.305 0.733719 -160.606 
303 0.768673 -0.151291 0.621492 14.8193 -0.0765364 0.942891 0.32419 -0.707637 -0.635046 -0.296763 0.713195 -162.129 
306 0.731019 -0.170987 0.660587 5.47882 -0.0753237 0.941958 0.327172 -0.901482 -0.678187 -0.288927 0.67571 -163.463 
309 0.684323 -0.195735 0.702417 -5.4558 -0.0812191 0.936844 0.340187 -3.19439 -0.724642 -0.289848 0.625206 -164.068 
312 0.631311 -0.222962 0.742789 -17.1111 -0.0769543 0.935045 0.346076 -3.41306 -0.771703 -0.275642 0.573146 -163.888 
315 0.562991 -0.24703 0.788681 -31.0393 -0.0709893 0.936303 0.343944 -2.42799 -0.823409 -0.249625 0.509594 -162.472 
317 0.512165 -0.266674 0.816439 -40.8704 -0.064431 0.93597 0.346135 -1.90984 -0.856467 -0.229882 0.462189 -160.678 
319 0.460087 -0.287924 0.839893 -50.3667 -0.0564845 0.934552 0.351316 -1.59719 -0.886075 -0.209077 0.413711 -158.387 
321 0.401723 -0.303056 0.864162 -60.4906 -0.0534253 0.934291 0.352485 -1.35733 -0.914202 -0.187769 0.359135 -155.211 
323 0.333831 -0.317234 0.887648 -71.63 -0.0606049 0.932498 0.356055 -2.66064 -0.940683 -0.172658 0.292071 -150.824 
325 0.25241 -0.330823 0.90931 -84.6242 -0.0641335 0.931953 0.356863 -3.17303 -0.965493 -0.148393 0.214018 -144.305 
327 0.160598 -0.34425 0.925041 -97.3316 -0.0674787 0.931184 0.358251 -3.77028 -0.984711 -0.119955 0.126317 -136.752 
329 0.060668 -0.354212 0.933195 -110.543 -0.069848 0.931119 0.357964 -4.02151 -0.995711 -0.0868988 0.0317482 -126.941 
331 -0.0445148 -0.358599 0.93243 -123.238 -0.066417 0.932352 0.355398 -3.26849 -0.996798 -0.0461087 -0.0653205 -115.395 
333 -0.150742 -0.356004 0.922246 -134.794 -0.0624702 0.934472 0.350513 -2.15215 -0.986597 -0.00477574 -0.163104 -102.415 
335 -0.255139 -0.351347 0.90081 -145.222 -0.0588299 0.935559 0.348237 -1.38231 -0.965113 0.0358544 -0.259367 -87.5239 
337 -0.352263 -0.340037 0.871943 -153.111 -0.0547919 0.937557 0.343489 -0.285197 -0.934296 0.0732232 -0.348898 -74.1149 
338 -0.398608 -0.332194 0.854844 -156.73 -0.0531077 0.938892 0.340091 0.359994 -0.915582 0.0901641 -0.391892 -66.2822 
340 -0.482636 -0.317127 0.81639 -162.117 -0.0493773 0.940513 0.336151 1.33139 -0.874428 0.121927 -0.469584 -53.0294 
341 -0.519996 -0.310083 0.795898 -164.234 -0.0481151 0.940934 0.335153 1.62151 -0.852813 0.135984 -0.504201 -46.4128 
342 -0.553139 -0.30454 0.775431 -166.041 -0.0476991 0.94084 0.335477 1.65279 -0.831722 0.148578 -0.534942 -39.4917 
344 -0.602022 -0.298298 0.740668 -168.031 -0.0495379 0.939763 0.338217 1.0832 -0.796942 0.166923 -0.580535 -31.4083 
346 -0.632131 -0.295049 0.716489 -169.106 -0.0522941 0.938804 0.34046 0.461201 -0.773095 0.177747 -0.608876 -26.1032 
348 -0.652462 -0.288588 0.700721 -169.73 -0.0494434 0.938893 0.340639 0.828781 -0.756206 0.187608 -0.626861 -23.208 
349 -0.659734 -0.285748 0.695054 -169.94 -0.0488625 0.939243 0.339758 1.01792 -0.749909 0.190188 -0.633613 -22.1443 
351 -0.671485 -0.283161 0.684783 -170.228 -0.0480265 0.938798 0.341104 0.984123 -0.73946 0.196158 -0.643988 -21.4899 
353 -0.678128 -0.280675 0.679238 -170.429 -0.0469975 0.938873 0.341041 1.14873 -0.73344 0.199347 -0.649867 -21.0883 
355 -0.681965 -0.277951 0.67651 -170.531 -0.0448235 0.939117 0.340661 1.5036 -0.73001 0.201995 -0.652904 -22.0398 
357 -0.683353 -0.2772 0.675417 -170.534 -0.0457626 0.939562 0.339307 1.56052 -0.728652 0.200958 -0.654738 -24.1402 
359 -0.684401 -0.275927 0.674878 -170.584 -0.0450299 0.939853 0.338598 1.75434 -0.727714 0.201347 -0.655661 -25.3207 
360 -0.684509 -0.277208 0.674243 -170.579 -0.0440782 0.938927 0.341281 1.59109 -0.727671 0.203891 -0.654923 -26.2382 
361 -0.685181 -0.277422 0.673471 -170.595 -0.0428054 0.938364 0.342989 1.58798 -0.727114 0.206181 -0.654824 -27.0245 
362 -0.68612 -0.276376 0.672945 -170.621 -0.0423548 0.938633 0.342308 1.74241 -0.726254 0.206362 -0.655721 -27.802 
363 -0.686917 -0.276143 0.672228 -170.644 -0.0435953 0.938988 0.341176 1.70834 -0.725427 0.205054 -0.657045 -28.6051 
364 -0.687787 -0.275316 0.671677 -170.651 -0.0445573 0.939554 0.33949 1.77771 -0.724544 0.203569 -0.65848 -29.4713 
365 -0.688586 -0.27278 0.671893 -170.691 -0.0425573 0.940156 0.338076 2.21935 -0.723905 0.2042 -0.658987 -30.2694 
366 -0.689253 -0.270361 0.672187 -170.706 -0.0415456 0.94099 0.335876 2.61526 -0.723328 0.203577 -0.659812 -31.103 
367 -0.690175 -0.270385 0.67123 -170.741 -0.0436264 0.941431 0.33437 2.49577 -0.722326 0.201491 -0.661548 -31.8806 
368 -0.691469 -0.270446 0.669873 -170.793 -0.0469101 0.942133 0.331942 2.29933 -0.720882 0.198104 -0.664142 -32.5859 
369 -0.692119 -0.2718 0.668652 -170.82 -0.0507754 0.942429 0.33053 1.90366 -0.719995 0.194815 -0.666074 -33.4251 
370 -0.691926 -0.274453 0.667768 -170.821 -0.053269 0.941813 0.331889 1.40886 -0.720001 0.194071 -0.666284 -34.3689 
371 -0.691482 -0.275848 0.667653 -170.786 -0.0528522 0.941065 0.334072 1.25633 -0.720458 0.195718 -0.665308 -35.5552 
372 -0.69142 -0.276507 0.667444 -170.778 -0.0513365 0.940327 0.336376 1.25249 -0.720626 0.198313 -0.664356 -36.5703 
373 -0.691837 -0.27546 0.667445 -170.771 -0.0489107 0.940126 0.3373 1.53385 -0.720395 0.200711 -0.663887 -37.6496 
374 -0.69202 -0.274173 0.667785 -170.792 -0.0464644 0.940066 0.337813 1.85529 -0.720381 0.202745 -0.663284 -38.4964 
375 -0.692165 -0.273756 0.667806 -170.792 -0.0455582 0.94 0.338118 1.97748 -0.7203 0.203609 -0.663107 -39.4814 
376 -0.692207 -0.273109 0.668027 -170.785 -0.0448291 0.940116 0.337895 2.1269 -0.720305 0.203946 -0.662998 -40.5013 
377 -0.692424 -0.274816 0.667102 -170.798 -0.0458638 0.939512 0.339432 1.8354 -0.720032 0.204435 -0.663144 -41.445 
378 -0.692326 -0.274631 0.667279 -170.785 -0.0448819 0.93934 0.340037 1.94111 -0.720187 0.205468 -0.662656 -42.4845 
379 -0.692859 -0.275223 0.666482 -170.79 -0.0445361 0.938861 0.341404 1.88908 -0.719696 0.206862 -0.662756 -43.5586 
380 -0.693037 -0.274681 0.666521 -170.819 -0.0432968 0.938756 0.341853 2.0407 -0.719601 0.208058 -0.662485 -44.3325 
381 -0.693548 -0.274716 0.665975 -170.844 -0.0438626 0.938826 0.341588 2.00038 -0.719074 0.207696 -0.66317 -45.2332 
382 -0.694169 -0.273509 0.665824 -170.87 -0.0436439 0.939289 0.340341 2.17475 -0.718487 0.207195 -0.663962 -46.1337 
383 -0.694943 -0.272804 0.665306 -170.908 -0.0437115 0.939554 0.339599 2.25538 -0.717735 0.20692 -0.664861 -46.9894 
384 -0.695846 -0.2721 0.664651 -170.957 -0.0431846 0.939628 0.339461 2.3695 -0.716892 0.207509 -0.665587 -47.8081 
385 -0.696523 -0.27304 0.663554 -170.971 -0.0443587 0.939387 0.339977 2.16759 -0.716162 0.207368 -0.666417 -48.7975 
386 -0.697274 -0.273381 0.662625 -171.047 -0.0451621 0.939333 0.340019 2.05219 -0.71538 0.207161 -0.66732 -49.6235 
387 -0.697643 -0.274148 0.661919 -171.069 -0.0464843 0.939267 0.340024 1.86549 -0.714936 0.206447 -0.668017 -50.6425 
388 -0.697599 -0.2751 0.661571 -171.062 -0.0471576 0.938978 0.340728 1.71356 -0.714935 0.206494 -0.668003 -51.7009 
389 -0.697176 -0.278406 0.660633 -171.021 -0.0493267 0.937958 0.343223 1.1652 -0.715201 0.2067 -0.667655 -52.664 
390 -0.696631 -0.279674 0.660672 -170.995 -0.0502687 0.937652 0.34392 0.968204 -0.715666 0.206374 -0.667257 -53.933 
391 -0.695653 -0.28065 0.661288 -170.918 -0.0515475 0.937658 0.343714 0.801978 -0.716526 0.205018 -0.666752 -55.1753 
392 -0.694314 -0.282645 0.661846 -170.813 -0.0539458 0.937502 0.343773 0.428976 -0.717647 0.202982 -0.666168 -56.484 
393 -0.692893 -0.282389 0.663443 -170.65 -0.053332 0.937669 0.343412 0.580885 -0.719066 0.202565 -0.664765 -57.6826 
394 -0.692061 -0.281515 0.664681 -170.614 -0.0510803 0.937607 0.343925 0.915795 -0.72003 0.204065 -0.663261 -59.0433 
395 -0.691344 -0.279062 0.66646 -170.54 -0.0455064 0.937388 0.3453 1.72096 -0.721092 0.208393 -0.660757 -60.2457 
396 -0.690742 -0.276922 0.667974 -170.473 -0.0390265 0.936694 0.347968 2.57015 -0.722047 0.214287 -0.657821 -61.4107 
397 -0.690495 -0.276489 0.668409 -170.445 -0.037288 0.93644 0.34884 2.80495 -0.722376 0.215948 -0.656917 -62.4734 
398 -0.690344 -0.276718 0.66847 -170.427 -0.0406498 0.937339 0.346039 2.50806 -0.722339 0.211713 -0.658335 -63.5186 
399 -0.690371 -0.276913 0.668362 -170.404 -0.0444807 0.938345 0.342826 2.15963 -0.722087 0.206948 -0.660123 -64.4983 
400 -0.690578 -0.276395 0.668362 -170.434 -0.0440088 0.938445 0.342613 2.27201 -0.721918 0.207187 -0.660233 -65.4931 
401 -0.690465 -0.277061 0.668204 -170.417 -0.0420488 0.937553 0.345293 2.39726 -0.722143 0.210315 -0.658997 -66.4974 
402 -0.690783 -0.276094 0.668275 -170.407 -0.040723 0.937617 0.345277 2.64059 -0.721915 0.211297 -0.658933 -67.3737 
403 -0.691547 -0.274964 0.667951 -170.501 -0.0409018 0.938137 0.34384 2.74855 -0.721173 0.210461 -0.660012 -68.2689 
404 -0.692292 -0.274587 0.667333 -170.566 -0.0420376 0.93855 0.342574 2.67583 -0.720392 0.209108 -0.661294 -69.0961 
405 -0.692824 -0.274851 0.666672 -170.615 -0.0414661 0.938168 0.343688 2.70123 -0.719913 0.210471 -0.661382 -69.9622 
406 -0.693143 -0.274411 0.666522 -170.635 -0.0383516 0.937428 0.346061 3.06381 -0.719779 0.214308 -0.660296 -70.8778 
407 -0.69362 -0.273418 0.666433 -170.669 -0.0355688 0.937035 0.347419 3.45466 -0.719462 0.217272 -0.659672 -71.759 
408 -0.694391 -0.271984 0.666218 -170.704 -0.0343412 0.93729 0.346855 3.731 -0.718778 0.217974 -0.660185 -72.4636 
409 -0.694984 -0.270879 0.666049 -170.782 -0.0346653 0.937868 0.345255 3.8168 -0.718189 0.216858 -0.661194 -73.4213 
410 -0.695448 -0.270287 0.665806 -170.823 -0.0355288 0.938362 0.343822 3.79559 -0.717698 0.215455 -0.662185 -74.2913 
411 -0.695324 -0.272565 0.665006 -170.818 -0.037955 0.93793 0.344742 3.32369 -0.717693 0.214467 -0.66251 -75.2719 
412 -0.694798 -0.274644 0.6647 -170.73 -0.0400284 0.93755 0.345541 2.92818 -0.71809 0.213474 -0.662401 -76.2637 
413 -0.694164 -0.2762 0.664718 -170.702 -0.0412358 0.937197 0.346356 2.67015 -0.718635 0.213017 -0.661957 -77.4698 
414 -0.693688 -0.277889 0.664511 -170.655 -0.0423638 0.936722 0.3475 2.40738 -0.719029 0.212905 -0.661565 -78.5301 
415 -0.69303 -0.279279 0.664614 -170.582 -0.0428495 0.93624 0.348739 2.25194 -0.719634 0.213208 -0.66081 -79.6451 
416 -0.692656 -0.278593 0.665292 -170.527 -0.0422741 0.936487 0.348144 2.41816 -0.720028 0.21302 -0.660441 -80.7325 
417 -0.692267 -0.27954 0.6653 -170.481 -0.04371 0.936476 0.347999 2.19323 -0.720316 0.211828 -0.66051 -81.8033 
418 -0.691728 -0.280248 0.665563 -170.382 -0.0451185 0.936601 0.347481 1.9972 -0.720748 0.210333 -0.660517 -82.7348 
419 -0.691395 -0.279412 0.66626 -170.365 -0.0444087 0.93688 0.346819 2.18815 -0.721111 0.210201 -0.660163 -83.9335 
420 -0.690716 -0.276613 0.66813 -170.259 -0.0411015 0.93747 0.345632 2.88279 -0.721957 0.211272 -0.658894 -85.0756 
421 -0.69068 -0.275998 0.668421 -170.245 -0.0405043 0.937618 0.3453 3.03475 -0.722026 0.211418 -0.658773 -86.0248 
422 -0.690291 -0.276443 0.668638 -170.195 -0.042392 0.937997 0.344042 2.79839 -0.722289 0.209144 -0.65921 -87.0506 
423 -0.689789 -0.275417 0.66958 -170.118 -0.0443814 0.939166 0.340585 2.68315 -0.722649 0.205215 -0.660049 -88.1248 
424 -0.689101 -0.275117 0.67041 -170.024 -0.0455103 0.939735 0.338861 2.60681 -0.723235 0.202999 -0.660093 -89.2194 
425 -0.688268 -0.277995 0.670079 -169.893 -0.0466872 0.938724 0.341493 2.24031 -0.723953 0.203754 -0.659073 -90.0536 
426 -0.688114 -0.278776 0.669913 -169.91 -0.0463035 0.938239 0.342875 2.24071 -0.724124 0.204917 -0.658523 -91.2364 
427 -0.688329 -0.278955 0.669617 -169.929 -0.0466351 0.93821 0.342909 2.19903 -0.723898 0.204807 -0.658807 -92.073 
428 -0.688533 -0.278576 0.669565 -169.942 -0.0470133 0.938482 0.342114 2.19799 -0.723679 0.204079 -0.659273 -92.8877 
429 -0.688365 -0.278471 0.669782 -169.922 -0.0468556 0.938515 0.342045 2.24979 -0.723849 0.204069 -0.659089 -93.8414 
430 -0.688511 -0.278778 0.669505 -169.938 -0.0472351 0.938444 0.342186 2.18819 -0.723686 0.203975 -0.659297 -94.649 
431 -0.688266 -0.279661 0.669387 -169.888 -0.0477196 0.938164 0.342886 2.07416 -0.723887 0.204054 -0.659052 -95.4706 
433 -0.688746 -0.279395 0.669005 -169.957 -0.0470032 0.938028 0.343357 2.21752 -0.723477 0.20504 -0.659196 -97.0785 
434 -0.688456 -0.27955 0.669238 -169.922 -0.0456057 0.937593 0.344731 2.4222 -0.723842 0.206811 -0.658241 -97.7824 
435 -0.688956 -0.278802 0.669036 -169.972 -0.0435011 0.9373 0.345798 2.77124 -0.723497 0.209136 -0.657887 -98.6518 
436 -0.689018 -0.277692 0.669433 -169.965 -0.0415066 0.937286 0.346081 3.15305 -0.723554 0.21067 -0.657333 -99.4344 
437 -0.689417 -0.275938 0.669749 -169.999 -0.0393746 0.937509 0.345725 3.59802 -0.723294 0.211978 -0.657199 -100.131 
438 -0.689979 -0.27378 0.670055 -170.057 -0.0372469 0.937911 0.34487 4.07187 -0.72287 0.212995 -0.657337 -100.78 
439 -0.690689 -0.272647 0.669785 -170.144 -0.0366502 0.93821 0.34412 4.24584 -0.722223 0.213132 -0.658004 -101.359 
440 -0.691352 -0.27313 0.668904 -170.269 -0.0366839 0.93787 0.345041 4.2024 -0.721586 0.214007 -0.658418 -101.765 
442 -0.694486 -0.268491 0.667534 -170.634 -0.0351115 0.939308 0.341272 4.74864 -0.718649 0.213571 -0.661764 -102.614 
444 -0.703318 -0.260503 0.661424 -171.836 -0.0321882 0.941152 0.336448 5.60748 -0.710146 0.21534 -0.670314 -101.884 
446 -0.719019 -0.251158 0.648021 -174.019 -0.0282314 0.942203 0.333852 6.5416 -0.694417 0.221751 -0.684552 -99.322 
448 -0.740138 -0.239994 0.628171 -176.955 -0.0240075 0.942981 0.331981 7.4923 -0.672026 0.230631 -0.703697 -95.159 
450 -0.76845 -0.223503 0.599609 -180.821 -0.0181669 0.944263 0.32869 8.83034 -0.639652 0.241689 -0.72968 -88.6731 
452 -0.802876 -0.212048 0.557159 -185.487 -0.0179895 0.942793 0.332892 8.67817 -0.595874 0.257248 -0.760761 -79.5863 
454 -0.839578 -0.201976 0.504296 -190.322 -0.0215838 0.939982 0.340539 7.61652 -0.54281 0.275025 -0.793548 -68.4294 
456 -0.87992 -0.182604 0.43863 -195.098 -0.022087 0.937918 0.346152 7.27449 -0.474608 0.294898 -0.829326 -54.2263 
