0 1 -9.18498e-05 -3.56498e-05 0.000738743 9.18501e-05 1 7.35849e-06 0.000271256 3.56491e-05 -7.36176e-06 1 -0.000957809 
7 0.999946 0.00118729 -0.0103277 0.227351 -0.00121551 0.999996 -0.00272745 0.229899 0.0103244 0.00273986 0.999943 -8.54463 
9 0.999955 0.00491108 -0.0081329 0.266774 -0.00494316 0.99998 -0.00392822 0.307562 0.00811345 0.00396824 0.999959 -11.0741 
11 0.999982 0.00264409 -0.00541755 0.260985 -0.00266003 0.999992 -0.00293774 0.334217 0.00540974 0.0029521 0.999981 -13.5294 
13 0.99999 0.00210041 -0.00394525 0.252307 -0.00211285 0.999993 -0.0031509 0.387839 0.00393861 0.00315921 0.999987 -16.0129 
14 0.999994 0.00308736 -0.00177782 0.187148 -0.00309337 0.999989 -0.00338969 0.402625 0.00176734 0.00339517 0.999993 -17.1531 
16 0.999995 0.00204988 -0.00252969 0.242047 -0.00205565 0.999995 -0.00228144 0.430935 0.002525 0.00228663 0.999994 -19.6985 
17 0.999998 0.00191772 -0.00112124 0.203638 -0.00191925 0.999997 -0.00136737 0.426645 0.00111862 0.00136952 0.999998 -20.9035 
18 0.999999 0.00111709 0.000139133 0.174015 -0.00111681 0.999997 -0.00194169 0.459093 -0.000141302 0.00194154 0.999998 -22.1288 
19 0.999998 0.00137756 0.00156882 0.13779 -0.00137489 0.999998 -0.00170134 0.472594 -0.00157116 0.00169918 0.999997 -23.3546 
21 0.999991 0.00248999 0.00345119 0.102658 -0.00248277 0.999995 -0.00209448 0.529226 -0.00345639 0.00208589 0.999992 -25.8094 
23 0.999979 0.00400738 0.0051069 0.0709198 -0.00398673 0.999984 -0.00404706 0.62651 -0.00512303 0.00402661 0.999979 -28.2841 
24 0.999971 0.00482775 0.00593706 0.0536671 -0.00480923 0.999984 -0.00312981 0.621141 -0.00595207 0.00310117 0.999977 -29.5254 
25 0.999964 0.00531368 0.00666217 0.0374154 -0.005299 0.999983 -0.00221908 0.615684 -0.00667385 0.0021837 0.999975 -30.7497 
26 0.99996 0.00475088 0.00763244 0.0132457 -0.00473364 0.999986 -0.00227505 0.639577 -0.00764314 0.00223883 0.999968 -31.977 
27 0.999952 0.00535131 0.00819987 0.00420556 -0.00532915 0.999982 -0.00272244 0.674935 -0.00821429 0.00267861 0.999963 -33.205 
28 0.999946 0.00567088 0.00872666 -0.00965586 -0.00564436 0.999979 -0.00306105 0.709646 -0.00874383 0.00301163 0.999957 -34.4395 
29 0.999938 0.00606632 0.00932883 -0.0263796 -0.00604043 0.999978 -0.00280148 0.720106 -0.00934562 0.00274496 0.999953 -35.6735 
30 0.999933 0.0062229 0.00978073 -0.036881 -0.00619632 0.999977 -0.00274537 0.741465 -0.00979759 0.00268458 0.999948 -36.9098 
31 0.999924 0.00710502 0.010107 -0.0426128 -0.00707188 0.99997 -0.00331089 0.78445 -0.0101302 0.00323916 0.999943 -38.1562 
32 0.999927 0.00674656 0.0100007 -0.0366395 -0.00669955 0.999966 -0.00472691 0.862955 -0.0100323 0.00465956 0.999939 -39.3826 
33 0.999929 0.00635007 0.0100455 -0.0329513 -0.00629427 0.999965 -0.00557644 0.921974 -0.0100806 0.00551282 0.999934 -40.6269 
34 0.999935 0.00572413 0.0098876 -0.0180949 -0.00567383 0.999971 -0.0051075 0.927296 -0.00991655 0.00505106 0.999938 -41.8659 
35 0.999946 0.00449852 0.00941255 0.0124944 -0.0044521 0.999978 -0.00494614 0.93991 -0.00943459 0.00490397 0.999943 -43.0966 
36 0.999962 0.00162104 0.00855497 0.0613203 -0.00156431 0.999977 -0.00663406 1.03509 -0.00856553 0.00662042 0.999941 -44.3287 
37 0.999975 0.00143303 0.00691788 0.143656 -0.00136652 0.999953 -0.00961057 1.18984 -0.00693133 0.00960088 0.99993 -45.5485 
38 0.999985 0.000978451 0.00538644 0.220205 -0.000911376 0.999922 -0.0124409 1.34069 -0.00539819 0.0124358 0.999908 -46.749 
39 0.999993 0.000234015 0.00373826 0.305341 -0.000175832 0.999879 -0.0155572 1.51098 -0.00374145 0.0155564 0.999872 -47.9818 
40 0.999997 0.000893767 0.00219257 0.384493 -0.000856599 0.999857 -0.0168944 1.59887 -0.00220735 0.0168924 0.999855 -49.2182 
41 0.999996 0.00258883 0.00056897 0.470723 -0.00257982 0.99988 -0.0153071 1.53977 -0.000608529 0.0153056 0.999883 -50.4459 
42 0.999998 0.00172197 -0.000239538 0.518294 -0.00172506 0.999907 -0.0135263 1.46999 0.000216224 0.0135267 0.999908 -51.6681 
43 0.999999 0.00126061 -0.000924 0.557628 -0.00127275 0.999911 -0.0132631 1.47761 0.000907199 0.0132642 0.999912 -52.891 
44 0.999998 0.00150798 -0.00110999 0.577085 -0.00152196 0.999918 -0.0127008 1.46738 0.00109075 0.0127025 0.999919 -54.1126 
45 0.999997 0.00222675 -0.000443882 0.548146 -0.00223175 0.99993 -0.0115931 1.42849 0.000418036 0.011594 0.999933 -55.334 
46 0.999997 0.00197314 0.00119395 0.465753 -0.00195862 0.999926 -0.0120436 1.47275 -0.00121762 0.0120413 0.999927 -56.5418 
47 0.999993 0.00223998 0.00309803 0.363421 -0.00219827 0.999908 -0.0134019 1.57519 -0.00312777 0.0133949 0.999905 -57.771 
48 0.99999 0.00222718 0.00387249 0.325025 -0.002174 0.999904 -0.0136832 1.61425 -0.00390259 0.0136747 0.999899 -58.9831 
49 0.999989 0.0012192 0.00455522 0.294141 -0.00115821 0.99991 -0.0133667 1.61728 -0.00457111 0.0133613 0.9999 -60.2051 
50 0.999986 0.000779563 0.0052141 0.257393 -0.000710806 0.999913 -0.0131756 1.62972 -0.00522391 0.0131718 0.9999 -61.4432 
51 0.999985 0.00163212 0.00531724 0.259913 -0.00156476 0.999919 -0.0126471 1.61981 -0.00533745 0.0126386 0.999906 -62.6841 
52 0.999983 0.00267079 0.00527087 0.271566 -0.00260931 0.999929 -0.0116364 1.57699 -0.00530157 0.0116224 0.999918 -63.9154 
53 0.999978 0.00302202 0.00583824 0.238098 -0.0029456 0.99991 -0.0130533 1.69346 -0.00587716 0.0130359 0.999898 -65.132 
54 0.999976 0.00319589 0.0061394 0.225817 -0.00310593 0.999888 -0.014608 1.81924 -0.0061854 0.0145886 0.999874 -66.3494 
55 0.999977 0.0025213 0.0062824 0.221957 -0.00244038 0.999914 -0.0128563 1.72643 -0.00631427 0.0128407 0.999898 -67.5709 
56 0.999978 0.000989826 0.00648821 0.212707 -0.000913408 0.99993 -0.0117703 1.67337 -0.00649941 0.0117642 0.99991 -68.7908 
57 0.999978 -0.00124401 0.00651043 0.226042 0.00132195 0.999927 -0.0119811 1.71107 -0.00649505 0.0119894 0.999907 -70.004 
58 0.999975 -0.00311182 0.0063348 0.246092 0.00318878 0.999921 -0.0121744 1.75043 -0.00629642 0.0121943 0.999906 -71.1885 
59 0.99997 -0.00478059 0.0060295 0.28008 0.00485556 0.99991 -0.0124814 1.79538 -0.00596929 0.0125103 0.999904 -72.3973 
61 0.99997 -0.00716965 0.00291539 0.524603 0.00721019 0.999874 -0.0141412 1.96602 -0.00281364 0.0141618 0.999896 -74.8241 
62 0.999984 -0.00556978 0.000518678 0.711955 0.00557573 0.999909 -0.0122862 1.85085 -0.0004502 0.0122889 0.999924 -76.0561 
63 0.999994 -0.00286745 -0.00212517 0.920232 0.00285218 0.99997 -0.0071571 1.47602 0.00214563 0.007151 0.999972 -77.2475 
64 0.999984 -0.00371735 -0.00433176 1.0932 0.00368779 0.99997 -0.00681309 1.47042 0.00435695 0.006797 0.999967 -78.4536 
65 0.999968 -0.00286055 -0.00743075 1.34509 0.00278378 0.999943 -0.0103204 1.76958 0.00745984 0.0102994 0.999919 -79.6479 
66 0.999936 -0.00329446 -0.0107882 1.62704 0.00316886 0.999927 -0.0116385 1.89748 0.0108258 0.0116036 0.999874 -80.8343 
67 0.999885 -0.00344372 -0.0147411 1.9475 0.0032971 0.999945 -0.00995896 1.78524 0.0147746 0.00990922 0.999842 -82.024 
68 0.999831 -0.00263363 -0.0181703 2.2387 0.00250703 0.999972 -0.0069868 1.56207 0.0181882 0.00694007 0.99981 -83.2105 
69 0.999767 -0.000956089 -0.0215716 2.52937 0.000877358 0.999993 -0.00365893 1.30315 0.021575 0.00363915 0.999761 -84.3869 
70 0.999684 -0.000427275 -0.0251253 2.84089 0.000362531 0.999997 -0.00258133 1.23148 0.0251263 0.0025714 0.999681 -85.5439 
71 0.9996 -0.000429685 -0.0282651 3.10403 0.000307407 0.999991 -0.00433031 1.40773 0.0282667 0.00431989 0.999591 -86.7519 
72 0.999473 -0.00135076 -0.0324314 3.48233 0.00119473 0.999988 -0.00482993 1.47515 0.0324376 0.00478864 0.999462 -87.886 
73 0.999354 -0.000950666 -0.0359393 3.79238 0.00085239 0.999996 -0.00274971 1.31511 0.0359418 0.0027173 0.99935 -89.056 
74 0.999227 -0.000676613 -0.0393163 4.09701 0.000658116 1 -0.000483401 1.13181 0.0393166 0.000457153 0.999227 -90.2183 
75 0.999103 -0.000767051 -0.0423492 4.37761 0.000762914 1 -0.000113848 1.1196 0.0423493 8.14371e-05 0.999103 -91.3689 
76 0.998978 0.000566726 -0.0451932 4.64202 -0.0006253 0.999999 -0.00128196 1.24864 0.0451924 0.00130891 0.998977 -92.5294 
77 0.998846 0.000897908 -0.0480093 4.91152 -0.00102751 0.999996 -0.00267498 1.39901 0.0480067 0.00272122 0.998843 -93.6943 
78 0.99872 0.00163368 -0.050554 5.15289 -0.00186538 0.999988 -0.00453638 1.59443 0.0505459 0.00462488 0.998711 -94.8614 
79 0.998601 0.00310784 -0.0527879 5.36722 -0.00340158 0.999979 -0.00547556 1.70742 0.0527698 0.00564746 0.998591 -96.031 
80 0.998471 0.00427547 -0.0551106 5.59848 -0.00445245 0.999985 -0.00308893 1.49917 0.0550966 0.00332959 0.998475 -97.2065 
81 0.998347 0.0059552 -0.0571728 5.8004 -0.00593295 0.999982 0.000558877 1.16029 0.0571752 -0.000218749 0.998364 -98.3902 
82 0.998219 0.00552978 -0.0593932 6.02878 -0.00534567 0.99998 0.00325814 0.911206 0.0594101 -0.00293484 0.998229 -99.5762 
83 0.998126 0.0054455 -0.0609435 6.18801 -0.00520379 0.999978 0.004124 0.84359 0.0609646 -0.00379914 0.998133 -100.761 
84 0.99808 0.00517512 -0.0617219 6.2727 -0.00495524 0.999981 0.00371493 0.898059 0.0617399 -0.00340195 0.998086 -101.917 
85 0.998139 0.00493043 -0.0607795 6.18316 -0.00482933 0.999987 0.00181011 1.11416 0.0607876 -0.00151322 0.99815 -103.151 
87 0.998329 0.00509495 -0.0575532 5.8655 -0.00513363 0.999987 -0.000524347 1.39827 0.0575498 0.000818928 0.998342 -105.58 
89 0.998637 0.00429517 -0.0520206 5.2979 -0.00435102 0.99999 -0.000960364 1.48281 0.0520159 0.0011854 0.998646 -108.042 
91 0.99901 0.00267688 -0.0443968 4.48044 -0.00272441 0.999996 -0.00101009 1.52763 0.0443939 0.00113004 0.999013 -110.53 
93 0.999351 0.00171552 -0.0359928 3.54811 -0.00181839 0.999994 -0.00282551 1.76722 0.0359877 0.00288912 0.999348 -112.992 
95 0.999633 0.00107749 -0.0270706 2.56068 -0.00117794 0.999992 -0.00369491 1.91093 0.0270664 0.00372544 0.999627 -115.52 
97 0.999856 -0.000127681 -0.0169611 1.38738 7.31636e-05 0.999995 -0.00321485 1.89672 0.0169614 0.00321315 0.999851 -118.003 
99 0.999957 -0.00312982 -0.00876368 0.42667 0.00310737 0.999992 -0.00257485 1.86011 0.00877167 0.0025475 0.999958 -120.505 
101 0.999966 -0.00617758 -0.00554049 0.0486283 0.00616474 0.999978 -0.00233251 1.86933 0.00555478 0.00229828 0.999982 -123.028 
103 0.999947 -0.00960188 -0.00371908 -0.161368 0.00958907 0.999948 -0.00344618 2.04839 0.00375197 0.00341034 0.999987 -125.508 
104 0.999951 -0.00942428 -0.00308172 -0.236252 0.00941233 0.999948 -0.00386966 2.12343 0.00311803 0.00384046 0.999988 -126.751 
105 0.999909 -0.0132828 -0.0022207 -0.333717 0.0132696 0.999895 -0.00585448 2.39436 0.00229823 0.00582448 0.99998 -128.001 
106 0.999897 -0.0142977 -0.00147117 -0.422829 0.0142838 0.999857 -0.00908519 2.83231 0.00160086 0.00906324 0.999958 -129.254 
107 0.999913 -0.0131463 -0.000989838 -0.477341 0.0131372 0.999876 -0.00866113 2.80069 0.00110358 0.00864737 0.999962 -130.523 
108 0.999914 -0.0130841 -0.00047633 -0.533139 0.0130804 0.999889 -0.00709876 2.61375 0.000569158 0.00709193 0.999975 -131.807 
109 0.999949 -0.0101079 0.000139059 -0.60429 0.0101087 0.999916 -0.00816606 2.77754 -5.65055e-05 0.00816705 0.999967 -133.094 
110 0.999968 -0.00782742 0.0013957 -0.775274 0.00784102 0.999919 -0.0100222 3.04831 -0.00131714 0.0100329 0.999949 -134.374 
111 0.999989 -0.00448141 0.00165304 -0.798991 0.00450089 0.999918 -0.0119767 3.33809 -0.00159923 0.011984 0.999927 -135.642 
112 0.999994 -0.00269355 0.002129 -0.85603 0.00272128 0.99991 -0.0131308 3.52087 -0.00209344 0.0131365 0.999912 -136.911 
113 0.999997 0.00142324 0.0018415 -0.815131 -0.00140257 0.999937 -0.0111788 3.2751 -0.00185729 0.0111762 0.999936 -138.192 
114 0.99999 0.00394951 0.00185581 -0.811207 -0.00393039 0.99994 -0.0101958 3.15926 -0.00189597 0.0101884 0.999946 -139.48 
115 0.999984 0.0053795 0.00162199 -0.772792 -0.00536328 0.999937 -0.00984068 3.13202 -0.00167482 0.00983183 0.99995 -140.777 
116 0.999983 0.00578434 0.00116772 -0.703139 -0.00577203 0.99993 -0.0102851 3.218 -0.00122713 0.0102782 0.999946 -142.071 
117 0.999987 0.0050975 0.000555759 -0.605007 -0.00509029 0.999912 -0.0122806 3.5242 -0.00061831 0.0122776 0.999924 -143.363 
118 0.999997 0.0025956 -9.45205e-05 -0.509345 -0.00259665 0.999901 -0.0138016 3.76709 5.86878e-05 0.0138018 0.999905 -144.652 
119 0.999996 0.0027378 -0.000630392 -0.423092 -0.00274526 0.999922 -0.0121507 3.55169 0.000597077 0.0121524 0.999926 -145.937 
121 0.999996 0.00212547 -0.00179205 -0.237713 -0.00213955 0.999967 -0.00789276 2.97101 0.00177522 0.00789656 0.999967 -148.55 
123 0.999991 0.00339476 -0.00253574 -0.109525 -0.00339557 0.999994 -0.000315812 1.88083 0.00253465 0.00032442 0.999997 -151.111 
124 0.99999 0.00359337 -0.00276944 -0.0681342 -0.00359165 0.999993 0.000626038 1.75927 0.00277167 -0.000616084 0.999996 -152.409 
125 0.999989 0.00386371 -0.00257717 -0.0942787 -0.00386288 0.999992 0.000325957 1.82913 0.00257841 -0.000315999 0.999997 -153.685 
126 0.999992 0.0032077 -0.00245057 -0.106504 -0.00320815 0.999995 -0.000176128 1.93072 0.00244999 0.000183988 0.999997 -154.966 
127 0.999994 0.00252784 -0.00245682 -0.0943792 -0.00253082 0.999996 -0.00121023 2.1149 0.00245375 0.00121644 0.999996 -156.242 
128 0.999996 0.00204771 -0.0020443 -0.151603 -0.00205133 0.999996 -0.00176805 2.22578 0.00204067 0.00177224 0.999996 -157.518 
129 0.999997 0.00182326 -0.00180986 -0.180668 -0.00182598 0.999997 -0.00150572 2.20818 0.00180711 0.00150902 0.999997 -158.793 
130 0.999998 0.00149933 -0.00105886 -0.294153 -0.00150115 0.999997 -0.00172701 2.26586 0.00105627 0.00172859 0.999998 -160.065 
131 0.999998 0.00210509 -0.00042533 -0.389911 -0.00210632 0.999994 -0.00292401 2.48232 0.000419172 0.0029249 0.999996 -161.344 
132 0.999999 0.00115433 0.000286386 -0.495774 -0.00115339 0.999994 -0.00325606 2.55841 -0.000290143 0.00325573 0.999995 -162.596 
133 0.999999 0.000680507 0.000947647 -0.596575 -0.000678289 0.999997 -0.00233912 2.4324 -0.000949236 0.00233848 0.999997 -163.89 
134 0.999998 0.000245155 0.00189901 -0.7493 -0.000243118 0.999999 -0.00107285 2.24638 -0.00189928 0.00107238 0.999998 -165.161 
135 0.999997 -0.000632592 0.00253236 -0.85046 0.00063548 0.999999 -0.00113985 2.27954 -0.00253163 0.00114146 0.999996 -166.443 
137 0.999992 -0.000542605 0.00385659 -1.05557 0.000539375 1 0.000838498 1.99447 -0.00385704 -0.000836411 0.999992 -169.059 
139 0.999985 -0.00115036 0.00533538 -1.29842 0.00115463 0.999999 -0.000798256 2.31666 -0.00533445 0.000804404 0.999985 -171.561 
140 0.999981 -0.00110432 0.00604848 -1.41284 0.00111175 0.999999 -0.00122461 2.4149 -0.00604712 0.00123131 0.999981 -172.848 
141 0.999977 -0.00143009 0.0066332 -1.50609 0.00143984 0.999998 -0.0014662 2.47797 -0.00663109 0.00147572 0.999977 -174.124 
142 0.99997 -0.00187781 0.00744836 -1.64674 0.00189111 0.999997 -0.00177947 2.55574 -0.00744499 0.0017935 0.999971 -175.401 
143 0.999967 -0.00211883 0.00788714 -1.71197 0.00212579 0.999997 -0.000875055 2.42033 -0.00788526 0.000891793 0.999969 -176.683 
144 0.99996 -0.00312395 0.00835139 -1.78806 0.00312733 0.999995 -0.000391422 2.3564 -0.00835012 0.000417524 0.999965 -177.97 
145 0.999956 -0.00313289 0.00880004 -1.85503 0.00314098 0.999995 -0.000906173 2.4732 -0.00879716 0.000933774 0.999961 -179.212 
146 0.999955 -0.0029517 0.00904495 -1.89202 0.00295013 0.999996 0.000186951 2.30052 -0.00904546 -0.000160259 0.999959 -180.523 
147 0.999957 -0.00159456 0.00914109 -1.90174 0.0015784 0.999997 0.00177486 2.03591 -0.0091439 -0.00176035 0.999957 -181.796 
148 0.999956 0.0014729 0.009257 -1.91303 -0.0014885 0.999997 0.00167943 2.07598 -0.0092545 -0.00169313 0.999956 -183.067 
149 0.999955 0.00114204 0.0094112 -1.93573 -0.00112329 0.999997 -0.00199697 2.77297 -0.00941346 0.00198631 0.999954 -184.318 
150 0.999954 0.00203018 0.00937489 -1.91863 -0.0019701 0.999977 -0.00641324 3.61596 -0.0093877 0.00639448 0.999935 -185.568 
151 0.999951 0.000888217 0.00988426 -2.00994 -0.000831884 0.999983 -0.00570192 3.50627 -0.00988916 0.00569342 0.999935 -186.85 
152 0.999957 -0.000771537 0.0092835 -1.8873 0.00079491 0.999997 -0.00251423 2.9296 -0.00928153 0.0025215 0.999954 -188.114 
153 0.999954 -0.000961394 0.00956093 -1.93236 0.000968485 0.999999 -0.000737016 2.61889 -0.00956021 0.000746242 0.999954 -189.368 
154 0.999951 -0.000747585 0.00982281 -1.97684 0.000758272 0.999999 -0.00108429 2.70815 -0.00982199 0.00109168 0.999951 -190.611 
156 0.999953 -0.000664266 0.00970184 -1.93993 0.000707176 0.99999 -0.0044201 3.39947 -0.00969881 0.00442675 0.999943 -193.121 
158 0.999971 -2.94954e-05 0.00765761 -1.52806 6.55047e-05 0.999989 -0.00470221 3.50558 -0.00765739 0.00470257 0.99996 -195.632 
159 0.999981 0.00102246 0.00612655 -1.21592 -0.00100348 0.999995 -0.00309898 3.21339 -0.00612969 0.00309277 0.999976 -196.881 
160 0.999987 0.00127601 0.00484762 -0.953821 -0.00126808 0.999998 -0.00163945 2.95161 -0.0048497 0.00163328 0.999987 -198.12 
161 0.999991 0.00198217 0.00384504 -0.751342 -0.00197813 0.999997 -0.00105211 2.8586 -0.00384711 0.00104449 0.999992 -199.394 
163 0.999996 0.0024173 0.00120671 -0.205472 -0.00241253 0.999989 -0.00394338 3.49103 -0.00121623 0.00394045 0.999991 -201.855 
164 0.999999 0.00144694 0.000149334 0.0153062 -0.00144628 0.99999 -0.00433233 3.59876 -0.000155601 0.00433211 0.999991 -203.107 
165 0.999998 0.00157039 -0.00105972 0.264598 -0.00157483 0.99999 -0.00420577 3.59522 0.00105311 0.00420743 0.999991 -204.333 
166 0.999997 0.00102589 -0.00208486 0.479023 -0.00103486 0.99999 -0.00430419 3.63967 0.00208043 0.00430634 0.999989 -205.544 
167 0.999995 0.00125984 -0.00300445 0.671049 -0.00127358 0.999989 -0.00457745 3.72044 0.00299865 0.00458125 0.999985 -206.738 
169 0.999988 0.00097188 -0.00469966 1.03569 -0.000992951 0.999989 -0.00448337 3.74834 0.00469526 0.00448799 0.999979 -209.06 
171 0.999983 0.00227253 -0.00544093 1.20491 -0.00230184 0.999983 -0.00538813 3.98957 0.0054286 0.00540056 0.999971 -211.436 
172 0.999983 0.00279073 -0.00506241 1.13215 -0.00282344 0.999975 -0.00646674 4.24527 0.00504424 0.00648092 0.999966 -212.573 
173 0.999987 0.00253652 -0.00451926 1.02477 -0.00256571 0.999976 -0.00646569 4.27101 0.00450275 0.00647719 0.999969 -213.687 
174 0.999989 0.00215244 -0.00404856 0.9288 -0.00217507 0.999982 -0.00559439 4.10989 0.00403645 0.00560313 0.999976 -214.792 
176 0.999994 0.00212422 -0.00270846 0.649357 -0.0021368 0.999987 -0.00465036 3.95469 0.00269855 0.00465612 0.999986 -216.983 
177 0.999995 0.00266263 -0.00149523 0.39442 -0.00266936 0.999986 -0.00451689 3.9476 0.00148318 0.00452086 0.999989 -218.059 
178 0.999995 0.00325199 0.000100401 0.0510125 -0.00325142 0.999981 -0.00527165 4.13487 -0.000117542 0.0052713 0.999986 -219.116 
179 0.999989 0.0042191 0.00179152 -0.304443 -0.00420648 0.999967 -0.00699156 4.53755 -0.00182096 0.00698395 0.999974 -220.15 
180 0.999984 0.00385132 0.00405214 -0.794109 -0.00381635 0.999956 -0.00860409 4.91665 -0.0040851 0.00858849 0.999955 -221.077 
182 0.999953 0.00347893 0.00910197 -1.90336 -0.00340348 0.99996 -0.0082917 4.8964 -0.00913045 0.00826033 0.999924 -223.18 
183 0.999924 0.00341246 0.0118693 -2.51385 -0.00331186 0.999959 -0.00848496 4.96225 -0.0118978 0.008445 0.999894 -224.148 
184 0.999886 0.00294216 0.0148371 -3.17394 -0.00280783 0.999955 -0.0090662 5.11775 -0.0148631 0.0090235 0.999849 -225.092 
185 0.999837 0.00257619 0.0178482 -3.84968 -0.00242202 0.99996 -0.00865398 5.04752 -0.0178697 0.00860934 0.999803 -226.01 
186 0.999782 0.00278735 0.0206985 -4.48924 -0.00261732 0.999963 -0.00823709 4.97526 -0.0207207 0.00818112 0.999752 -226.905 
187 0.999709 0.00300703 0.0239553 -5.22214 -0.00282365 0.999966 -0.00768554 4.87165 -0.0239776 0.00761566 0.999683 -227.774 
188 0.999627 0.00200435 0.0272191 -5.96294 -0.00179986 0.99997 -0.007535 4.8588 -0.0272334 0.0074832 0.999601 -228.611 
189 0.999543 0.00157698 0.030176 -6.63516 -0.00137137 0.999976 -0.00683319 4.71961 -0.030186 0.00678868 0.999521 -229.429 
190 0.999471 -0.000279205 0.0325266 -7.17612 0.000498221 0.999977 -0.00672555 4.71525 -0.032524 0.0067382 0.999448 -230.233 
191 0.99945 -0.000960311 0.033135 -7.31152 0.00120212 0.999973 -0.00727868 4.86194 -0.0331271 0.00731451 0.999424 -231.025 
192 0.999448 -0.00091861 0.033214 -7.3128 0.00118951 0.999966 -0.00813748 5.07667 -0.0332054 0.00817249 0.999415 -231.676 
193 0.999465 -0.000890861 0.0326997 -7.20098 0.00118727 0.999958 -0.00904643 5.30898 -0.0326903 0.00908041 0.999424 -232.557 
194 0.999479 -0.000777016 0.0322645 -7.0935 0.00105195 0.999963 -0.00850511 5.20058 -0.0322567 0.00853462 0.999443 -233.305 
195 0.999493 -0.00141514 0.0318092 -6.97836 0.00162171 0.999978 -0.00646936 4.74177 -0.0317993 0.00651767 0.999473 -234.024 
196 0.999519 -0.00148268 0.0309665 -6.78162 0.00162085 0.999989 -0.00443725 4.28057 -0.0309596 0.0044853 0.999511 -234.808 
197 0.999556 -0.00155929 0.0297466 -6.49064 0.00165349 0.999994 -0.00314241 3.99189 -0.0297415 0.0031902 0.999553 -235.552 
198 0.999593 -0.00223291 0.0284557 -6.18392 0.00230667 0.999994 -0.00255965 3.86828 -0.0284498 0.00262424 0.999592 -236.277 
199 0.999638 -0.00166477 0.0268494 -5.7929 0.0017311 0.999996 -0.00244738 3.8531 -0.0268452 0.00249298 0.999636 -236.825 
201 0.999734 -0.00151407 0.0230037 -4.8799 0.00156642 0.999996 -0.00225786 3.83955 -0.0230002 0.0022933 0.999733 -238.471 
203 0.999834 -0.00145887 0.0181875 -3.72399 0.0015033 0.999996 -0.00242914 3.90896 -0.0181839 0.00245608 0.999832 -239.914 
205 0.999925 0.000647297 0.0122367 -2.28522 -0.000604588 0.999994 -0.00349358 4.19173 -0.0122389 0.00348592 0.999919 -241.334 
207 0.99998 0.00114921 0.00624063 -0.827282 -0.00112957 0.999994 -0.00314947 4.13174 -0.00624421 0.00314235 0.999976 -242.443 
209 1 0.000468827 0.000357748 0.604013 -0.000468088 0.999998 -0.00206515 3.89756 -0.000358715 0.00206498 0.999998 -244.133 
210 0.999997 0.000190743 -0.00262511 1.3342 -0.000194313 0.999999 -0.00135962 3.73659 0.00262485 0.00136013 0.999996 -244.819 
211 0.999985 1.73141e-05 -0.00539414 2.01308 -3.01417e-05 0.999997 -0.00237799 3.99866 0.00539408 0.00237812 0.999983 -245.508 
213 0.999949 0.000106917 -0.0100956 3.17347 -0.000134719 0.999996 -0.0027532 4.11663 0.0100953 0.00275442 0.999945 -246.909 
214 0.999925 9.78649e-05 -0.0122705 3.71389 -0.000112253 0.999999 -0.00117191 3.73832 0.0122704 0.0011732 0.999924 -247.614 
215 0.999902 -0.000120621 -0.0139658 4.13558 0.000136918 0.999999 0.00116599 3.16504 0.0139657 -0.00116779 0.999902 -248.118 
216 0.999888 0.00106687 -0.0149037 4.37565 -0.00102635 0.999996 0.00272638 2.79007 0.0149065 -0.00271078 0.999885 -249.039 
217 0.999887 0.000954888 -0.0150282 4.41066 -0.000906739 0.999994 0.00321037 2.67941 0.0150312 -0.00319638 0.999882 -249.77 
218 0.999881 0.00168718 -0.0153183 4.48792 -0.00163133 0.999992 0.00365778 2.57938 0.0153244 -0.00363236 0.999876 -250.49 
219 0.99988 0.000665345 -0.0154738 4.5274 -0.000604275 0.999992 0.003951 2.51763 0.0154764 -0.00394117 0.999872 -251.192 
220 0.999876 3.39359e-05 -0.0157326 4.596 3.56507e-05 0.99999 0.00442279 2.40936 0.0157326 -0.0044228 0.999866 -251.918 
222 0.999855 0.00492263 -0.0162829 4.75206 -0.0047843 0.999952 0.00852333 1.39214 0.0163241 -0.00844419 0.999831 -253.413 
223 0.999826 0.00800576 -0.0168601 4.909 -0.00784412 0.999923 0.00963174 1.11593 0.0169359 -0.00949781 0.999811 -254.162 
225 0.999841 0.00128899 -0.0177904 5.13281 -0.00130036 0.999999 -0.000627631 3.75656 0.0177896 0.000650665 0.999842 -255.681 
226 0.999826 0.00205822 -0.0185491 5.33373 -0.00213577 0.999989 -0.00416206 4.67711 0.0185403 0.00420096 0.999819 -256.433 
228 0.999686 0.00198334 -0.0249618 6.98824 -0.00187929 0.999989 0.00419087 2.54866 0.0249698 -0.00414265 0.99968 -258 
230 0.999487 -0.00172103 -0.0319687 8.79829 0.00196952 0.999968 0.00774294 1.64542 0.0319543 -0.00780193 0.999459 -259.547 
232 0.999263 0.00286144 -0.0382912 10.4605 -0.00276927 0.999993 0.00245997 3.04603 0.038298 -0.00235211 0.999264 -261.187 
233 0.999143 0.00519727 -0.0410628 11.1917 -0.00515693 0.999986 0.00108834 3.41642 0.0410679 -0.000875652 0.999156 -261.998 
234 0.999022 0.00526269 -0.0439064 11.9393 -0.0052451 0.999986 0.000515933 3.58177 0.0439085 -0.000285135 0.999036 -262.808 
235 0.998908 0.00318381 -0.0466114 12.6615 -0.00307352 0.999992 0.00243774 3.09525 0.0466188 -0.00229181 0.99891 -263.798 
236 0.998805 0.00253808 -0.0487969 13.2296 -0.00230923 0.999986 0.0047455 2.49262 0.0488082 -0.00462715 0.998797 -264.446 
237 0.99868 0.00213876 -0.0513195 13.9005 -0.0018923 0.999986 0.00485046 2.47633 0.0513291 -0.00474695 0.998671 -265.258 
238 0.998523 0.00119234 -0.0543098 14.6986 -0.00105307 0.999996 0.00259294 3.09453 0.0543126 -0.00253192 0.998521 -266.057 
240 0.998183 -0.000902922 -0.0602562 16.2867 0.000966389 0.999999 0.00102415 3.54542 0.0602552 -0.00108052 0.998182 -267.623 
242 0.997859 0.000782246 -0.0653994 17.684 -0.000655542 0.999998 0.00195882 3.32491 0.0654007 -0.00191176 0.997857 -269.259 
244 0.99768 0.00502344 -0.0678937 18.3702 -0.00492949 0.999987 0.00155135 3.46477 0.0679006 -0.00121307 0.997691 -270.908 
246 0.997615 0.00602332 -0.0687549 18.6328 -0.00593419 0.999981 0.00150056 3.51058 0.0687627 -0.00108898 0.997632 -272.857 
248 0.997666 0.00518605 -0.0680805 18.437 -0.00516529 0.999987 0.000480932 3.81654 0.0680821 -0.000128154 0.99768 -274.347 
249 0.997744 0.00549852 -0.0669119 18.1217 -0.00542279 0.999984 0.00131338 3.6031 0.0669181 -0.000947565 0.997758 -275.236 
250 0.997853 0.00545382 -0.0652595 17.6703 -0.00531852 0.999983 0.00224673 3.36008 0.0652707 -0.00189482 0.997866 -276.139 
251 0.997962 0.00453476 -0.0636446 17.2278 -0.00436075 0.999986 0.00287286 3.20055 0.0636567 -0.00258947 0.997968 -277.04 
252 0.99807 0.00349088 -0.0620087 16.7789 -0.00330656 0.99999 0.00307477 3.16141 0.0620188 -0.0028638 0.998071 -277.955 
253 0.99817 0.00235192 -0.0604233 16.3437 -0.00216072 0.999992 0.00322948 3.1338 0.0604304 -0.00309301 0.998168 -278.912 
255 0.998458 0.00213632 -0.0554694 14.974 -0.0020764 0.999997 0.00113777 3.75295 0.0554717 -0.00102084 0.99846 -280.754 
257 0.998915 0.00459591 -0.0463422 12.4185 -0.00473794 0.999984 -0.00295531 4.94622 0.0463279 0.00317167 0.998921 -282.568 
259 0.999307 0.00509624 -0.0368587 9.75141 -0.00527878 0.999974 -0.00485677 5.51956 0.036833 0.00504798 0.999309 -284.336 
261 0.999602 0.00681095 -0.0273699 7.06044 -0.00696789 0.99996 -0.00564266 5.78024 0.0273304 0.00583113 0.999609 -286.022 
263 0.999787 0.00669483 -0.0195345 4.82424 -0.00679432 0.999964 -0.00503127 5.63904 0.0195001 0.00516292 0.999797 -287.635 
265 0.999903 0.00707743 -0.0120197 2.67099 -0.00713962 0.999961 -0.0051389 5.70367 0.0119829 0.00522422 0.999915 -289.152 
267 0.99998 0.00546897 -0.00310173 0.0926941 -0.00547709 0.999982 -0.00261497 4.9984 0.00308737 0.00263191 0.999992 -290.581 
269 0.999916 0.00455056 0.0121235 -4.32165 -0.00455979 0.999989 0.000734058 4.05673 -0.0121201 -0.000789277 0.999926 -291.903 
271 0.999349 0.00423346 0.0358194 -11.2275 -0.00431091 0.999989 0.00208517 3.68484 -0.0358101 -0.00223822 0.999356 -293.006 
274 0.995517 -0.000832845 0.0945814 -28.4608 0.000724651 0.999999 0.00117826 3.99019 -0.0945823 -0.00110444 0.995516 -293.568 
276 0.989198 -0.00351424 0.146541 -43.7641 0.00336923 0.999994 0.00123773 3.98784 -0.146545 -0.00073063 0.989204 -292.711 
278 0.977415 -0.00403639 0.211291 -62.9078 0.00438013 0.99999 -0.0011589 4.72776 -0.211284 0.00205821 0.977423 -290.323 
280 0.958783 -0.00426633 0.284107 -84.5064 0.00586594 0.999971 -0.00477973 5.8282 -0.284079 0.00624928 0.958781 -285.797 
282 0.932486 -0.00421651 0.36118 -107.436 0.00785538 0.999932 -0.0086074 6.98669 -0.361119 0.0108635 0.932456 -278.88 
284 0.895566 -0.00192747 0.444925 -132.477 0.00770249 0.999908 -0.0111722 7.78691 -0.444863 0.0134325 0.895498 -268.901 
286 0.84794 0.00217966 0.530087 -158.019 0.00617368 0.999883 -0.013987 8.6464 -0.530056 0.0151327 0.847828 -255.666 
288 0.787987 0.00321577 0.615683 -183.794 0.00827007 0.999841 -0.0158068 9.21761 -0.615636 0.0175473 0.787835 -238.677 
290 0.714549 0.00984896 0.699516 -209.138 0.00628144 0.99977 -0.0204929 10.6411 -0.699557 0.0190371 0.714323 -217.612 
292 0.62775 0.021147 0.778128 -233.013 0.00776953 0.999411 -0.0334288 14.5629 -0.778376 0.0270306 0.627216 -192.524 
294 0.521181 0.01435 0.853326 -256.097 0.0165638 0.9995 -0.0269247 12.6559 -0.853286 0.0281669 0.520682 -161.466 
296 0.408744 0.010826 0.912585 -274.502 0.0234564 0.999475 -0.0223628 11.3348 -0.912348 0.0305466 0.408275 -128.622 
298 0.295173 0.0190963 0.955253 -287.975 0.0299449 0.999124 -0.0292263 13.4535 -0.954974 0.0372317 0.294343 -95.2364 
300 0.17836 0.0193584 0.983775 -297.31 0.0373532 0.998953 -0.0264293 12.7139 -0.983256 0.041461 0.17745 -60.8326 
302 0.0468929 0.0238096 0.998616 -302.74 0.0467868 0.998566 -0.0260054 12.6869 -0.997804 0.0479415 0.0457117 -21.9099 
304 -0.0824429 0.0306619 0.996124 -302.953 0.0628509 0.997697 -0.0255085 12.6911 -0.994612 0.0605043 -0.0841801 16.6179 
305 -0.145613 0.0284107 0.988934 -301.723 0.0641853 0.997753 -0.0192133 10.8218 -0.987257 0.0606773 -0.14711 35.154 
307 -0.285515 0.0378164 0.957628 -293.238 0.0775032 0.99686 -0.0162582 10.0873 -0.955235 0.0695773 -0.287549 76.9091 
308 -0.345672 0.041396 0.937442 -287.811 0.0779592 0.99684 -0.0152723 9.80865 -0.935111 0.067803 -0.347807 94.8012 
310 -0.465884 0.050901 0.883381 -273.804 0.082247 0.996513 -0.0140437 9.53255 -0.881015 0.0661127 -0.468446 131.005 
312 -0.55933 0.0498032 0.827448 -257.124 0.0794562 0.996819 -0.00628747 7.15781 -0.825129 0.0622291 -0.561507 158.184 
314 -0.635508 0.0587407 0.769857 -241.242 0.087392 0.996166 -0.00386725 6.58305 -0.767133 0.0648217 -0.638205 180.96 
316 -0.707579 0.0735238 0.702799 -221.847 0.0994525 0.995034 -0.00396729 6.79615 -0.699601 0.067088 -0.711377 201.935 
318 -0.78268 0.0758532 0.617785 -198.833 0.0968678 0.995297 0.00051799 5.44113 -0.614841 0.0602489 -0.786347 225.023 
320 -0.825165 0.0742229 0.559995 -181.262 0.0891274 0.99602 -0.000683328 5.66333 -0.557817 0.049347 -0.828496 235.933 
321 -0.855519 0.0746247 0.512365 -168.293 0.0855723 0.996329 -0.0022291 6.04161 -0.510651 0.0419372 -0.858765 245.118 
323 -0.893898 0.06926 0.442887 -148.095 0.0793211 0.99684 0.00420844 4.02994 -0.441196 0.0388922 -0.896568 255.403 
324 -0.912848 0.0716032 0.401971 -136.501 0.0797128 0.996812 0.00346001 4.25911 -0.400442 0.0352007 -0.915646 260.713 
325 -0.930982 0.0733973 0.357611 -124.422 0.0801648 0.996773 0.00411474 4.06331 -0.356155 0.0324986 -0.933862 266.398 
326 -0.943369 0.0780125 0.322442 -113.944 0.0841978 0.996435 0.00525723 3.82653 -0.320882 0.0321084 -0.946575 269.171 
327 -0.955333 0.0784678 0.284923 -103.308 0.0847303 0.996357 0.00969984 2.54941 -0.283124 0.0334082 -0.958501 272.388 
328 -0.967068 0.0819019 0.240979 -91.2202 0.0872381 0.996121 0.0115405 2.08198 -0.239099 0.032183 -0.970462 276.433 
329 -0.974141 0.0807565 0.211015 -82.365 0.0855255 0.996244 0.0135574 1.46649 -0.209127 0.0312539 -0.977389 277.406 
330 -0.981223 0.0821589 0.174501 -72.0268 0.085512 0.996268 0.0117713 1.98327 -0.172882 0.0264722 -0.984587 279.193 
331 -0.986759 0.081913 0.139986 -62.2722 0.0842078 0.996392 0.0105398 2.31166 -0.138617 0.0221882 -0.990097 280.459 
332 -0.991057 0.0782634 0.108074 -53.2761 0.0800472 0.996716 0.0122603 1.7359 -0.106759 0.0208017 -0.994067 281.139 
333 -0.993857 0.0808601 0.0755588 -44.2265 0.0821322 0.996525 0.0138784 1.33026 -0.074174 0.019999 -0.997045 282.117 
334 -0.995558 0.0807238 0.0484474 -36.449 0.0815091 0.996568 0.0144554 1.16009 -0.0471142 0.0183401 -0.998721 281.543 
335 -0.996455 0.0808965 0.0231101 -29.3087 0.0812695 0.996569 0.0156865 0.815018 -0.0217618 0.017509 -0.99961 281.172 
336 -0.996877 0.0787263 -0.00617001 -20.9772 0.0786103 0.996757 0.017211 0.333415 0.00750495 0.0166722 -0.999833 280.348 
337 -0.996694 0.0768102 -0.0264952 -15.3878 0.0762955 0.996886 0.019922 -0.466661 0.0279429 0.0178346 -0.99945 279.788 
338 -0.996064 0.0743641 -0.0482408 -9.31295 0.0734912 0.997103 0.019627 -0.434929 0.0495606 0.0160045 -0.998643 278.805 
339 -0.995437 0.0694822 -0.0654082 -4.54354 0.0684814 0.9975 0.0174222 0.0756871 0.0664552 0.0128634 -0.997706 277.573 
340 -0.99475 0.0654313 -0.0786893 -0.74913 0.064339 0.997794 0.0163392 0.287204 0.0795849 0.0111907 -0.996765 275.95 
341 -0.994541 0.0606687 -0.0849013 0.862953 0.0593065 0.998069 0.0184773 -0.395488 0.0858584 0.0133412 -0.996218 274.87 
342 -0.994397 0.0572872 -0.0888455 1.9504 0.0557704 0.998254 0.019464 -0.729583 0.0898054 0.0144 -0.995855 273.485 
343 -0.994314 0.0553039 -0.0910044 2.53888 0.0538546 0.998381 0.0183062 -0.446095 0.0918694 0.0133011 -0.995682 272.073 
344 -0.994606 0.0532484 -0.0890151 1.99637 0.0519598 0.998509 0.0167323 -0.0506472 0.0897733 0.0120169 -0.99589 270.697 
345 -0.994835 0.0530736 -0.0865278 1.33596 0.0517591 0.998509 0.0173671 -0.21235 0.0873205 0.0127988 -0.996098 269.333 
346 -0.995114 0.051868 -0.084008 0.669679 0.0505151 0.998558 0.0181516 -0.433322 0.0848283 0.0138193 -0.9963 267.963 
347 -0.995449 0.0509663 -0.0805218 -0.24471 0.0496398 0.998598 0.0183925 -0.496296 0.0813463 0.0143117 -0.996583 266.574 
348 -0.99592 0.0488861 -0.0758539 -1.48003 0.0474665 0.998664 0.0204075 -1.0628 0.0767502 0.0167237 -0.99691 265.117 
349 -0.996409 0.0492694 -0.0688555 -3.29605 0.0478495 0.99861 0.0221231 -1.48315 0.0698498 0.018749 -0.997381 262.996 
350 -0.99675 0.0481438 -0.0645895 -4.43354 0.0466697 0.998619 0.0241414 -2.0263 0.0656626 0.0210485 -0.99762 262.244 
351 -0.997085 0.0483059 -0.0590666 -5.87085 0.046984 0.998618 0.0235689 -1.84068 0.0601235 0.020725 -0.997976 260.78 
352 -0.997402 0.0471151 -0.0544984 -7.06024 0.0459411 0.998689 0.0225982 -1.58026 0.0554916 0.0200358 -0.998258 259.294 
353 -0.997767 0.0455149 -0.0488855 -8.50677 0.0445065 0.998777 0.0215207 -1.30549 0.0498052 0.0192969 -0.998573 257.807 
354 -0.998079 0.0443927 -0.0432194 -9.94539 0.0435151 0.998831 0.0210397 -1.17991 0.0441029 0.0191186 -0.998844 256.336 
355 -0.998311 0.0436789 -0.0383091 -11.2034 0.0427981 0.998807 0.02352 -1.80783 0.0392907 0.0218407 -0.998989 254.487 
357 -0.998561 0.0449759 -0.0291919 -13.4886 0.0442181 0.998681 0.0261061 -2.38218 0.0303276 0.0247777 -0.999233 251.706 
358 -0.998652 0.0456984 -0.024624 -14.6173 0.0450734 0.998662 0.0253631 -2.15646 0.0257501 0.024219 -0.999375 249.891 
359 -0.998684 0.0459363 -0.0228042 -15.0738 0.0453687 0.998662 0.0248112 -1.98851 0.0239134 0.023744 -0.999432 248.769 
360 -0.998732 0.0460505 -0.0203291 -15.6803 0.0456158 0.998731 0.0213509 -1.10066 0.0212865 0.0203965 -0.999565 247.284 
361 -0.998791 0.0457114 -0.018097 -16.2274 0.0453657 0.998788 0.0190763 -0.5218 0.0189471 0.0182323 -0.999654 245.802 
362 -0.998883 0.0447272 -0.0152519 -16.9138 0.0444029 0.998793 0.0209819 -0.986359 0.016172 0.0202812 -0.999664 244.191 
364 -0.998857 0.0459035 -0.0133283 -17.366 0.0455866 0.998691 0.0231808 -1.45037 0.0143749 0.0225467 -0.999642 241.315 
365 -0.998807 0.0470325 -0.0131385 -17.401 0.0467145 0.998631 0.0235415 -1.49037 0.0142277 0.0228997 -0.999637 239.864 
366 -0.998782 0.047535 -0.0132244 -17.3705 0.0472163 0.998609 0.0234541 -1.43566 0.0143209 0.0228011 -0.999637 238.45 
367 -0.998705 0.0490857 -0.0133643 -17.3184 0.0487893 0.998574 0.0216724 -0.956345 0.0144091 0.0209923 -0.999676 236.803 
369 -0.998526 0.0520365 -0.0154495 -16.8133 0.0517026 0.998436 0.0212764 -0.755659 0.0165325 0.0204463 -0.999654 234.171 
370 -0.998498 0.0522529 -0.0164964 -16.5598 0.0518471 0.998363 0.0241327 -1.40119 0.0177305 0.0232412 -0.999573 232.726 
372 -0.998585 0.0498038 -0.0186517 -16.0594 0.0493135 0.998448 0.0258808 -1.81063 0.0199117 0.0249244 -0.999491 229.873 
373 -0.99867 0.047967 -0.018905 -15.9748 0.0474845 0.998554 0.0251948 -1.66172 0.0200861 0.0242636 -0.999504 228.184 
375 -0.998694 0.0468728 -0.0203392 -15.6572 0.0463983 0.998653 0.0232049 -1.19181 0.0213995 0.0222309 -0.999524 225.541 
376 -0.998695 0.0467761 -0.0204855 -15.6187 0.0463354 0.998695 0.0214842 -0.783221 0.0214637 0.020507 -0.999559 224.085 
377 -0.998635 0.0479431 -0.0207037 -15.558 0.0474788 0.998622 0.0223609 -0.931415 0.0217472 0.0213474 -0.999536 222.608 
378 -0.998648 0.0476664 -0.0207346 -15.5446 0.0471859 0.99862 0.0230772 -1.07109 0.021806 0.0220677 -0.999519 221.136 
379 -0.998655 0.0475157 -0.0207552 -15.5325 0.0470148 0.998606 0.0239886 -1.25322 0.0218661 0.0229805 -0.999497 219.675 
380 -0.998704 0.0464454 -0.0208337 -15.5098 0.0459225 0.998634 0.0249119 -1.45229 0.0219623 0.0239229 -0.999473 218.206 
381 -0.998674 0.0473158 -0.0203019 -15.6146 0.0468153 0.998604 0.0244597 -1.31053 0.0214309 0.0234769 -0.999495 216.717 
382 -0.998704 0.046553 -0.0205658 -15.5528 0.0460666 0.998661 0.023525 -1.10068 0.0216334 0.0225471 -0.999512 215.224 
383 -0.998599 0.0486106 -0.0209044 -15.446 0.0481061 0.998554 0.0239966 -1.12235 0.0220407 0.0229573 -0.999493 213.528 
384 -0.998577 0.0490833 -0.0208637 -15.4665 0.0485405 0.998489 0.0257725 -1.47734 0.0220972 0.024723 -0.99945 212.192 
385 -0.998567 0.0492702 -0.0208694 -15.4572 0.048751 0.998506 0.024694 -1.21587 0.0220549 0.0236412 -0.999477 210.666 
386 -0.998531 0.0498411 -0.0212734 -15.3634 0.0493635 0.998529 0.0224157 -0.702967 0.0223594 0.0213326 -0.999522 209.184 
387 -0.998531 0.0498787 -0.0211568 -15.3811 0.0493975 0.998521 0.0226878 -0.733256 0.0222572 0.0216094 -0.999519 207.683 
389 -0.998552 0.0493882 -0.0213227 -15.339 0.0489375 0.998578 0.0211635 -0.382601 0.0223376 0.0200894 -0.999549 204.676 
390 -0.998594 0.048509 -0.0213879 -15.3166 0.048024 0.99859 0.022637 -0.678776 0.0224558 0.0215781 -0.999515 203.163 
391 -0.99864 0.0476453 -0.0211495 -15.3553 0.0471234 0.998588 0.0245253 -1.05331 0.0222882 0.0234954 -0.999475 201.644 
392 -0.998682 0.0468074 -0.0210758 -15.3591 0.0462841 0.998624 0.0246687 -1.0739 0.0222015 0.0236607 -0.999473 200.135 
393 -0.998625 0.0480399 -0.0210043 -15.3636 0.0475347 0.998583 0.0239276 -0.875805 0.0221241 0.0228963 -0.999493 198.643 
394 -0.998618 0.0482167 -0.0208989 -15.3661 0.0477234 0.998584 0.0234963 -0.755206 0.0220022 0.0224664 -0.999505 197.03 
395 -0.998616 0.0485307 -0.0202533 -15.4955 0.0480125 0.998525 0.0253351 -1.09231 0.0214529 0.0243276 -0.999474 195.607 
396 -0.998656 0.0480701 -0.0193686 -15.6649 0.0475173 0.998476 0.0280595 -1.60076 0.0206879 0.0271015 -0.999419 194.086 
397 -0.998731 0.0468991 -0.0183366 -15.8698 0.0463713 0.998526 0.0282227 -1.6213 0.0196332 0.0273366 -0.999433 192.59 
398 -0.998796 0.0459148 -0.0172939 -16.0608 0.0454166 0.998571 0.0281762 -1.60456 0.0185629 0.0273568 -0.999453 191.082 
399 -0.998851 0.0449485 -0.0166319 -16.1661 0.0444647 0.998607 0.0283947 -1.62859 0.017885 0.0276225 -0.999458 189.465 
401 -0.998828 0.0460418 -0.0149504 -16.4882 0.0456328 0.998603 0.0266334 -1.22467 0.0161558 0.02592 -0.999533 186.585 
402 -0.998811 0.0466139 -0.0142725 -16.6057 0.046219 0.99857 0.0268503 -1.22564 0.0155037 0.0261587 -0.999538 185.1 
403 -0.99883 0.0463841 -0.0136901 -16.7068 0.0460046 0.998581 0.0268422 -1.19861 0.0149157 0.026181 -0.999546 183.612 
404 -0.998845 0.046245 -0.0130256 -16.819 0.0458853 0.99859 0.0266778 -1.14472 0.0142409 0.0260493 -0.999559 182.13 
405 -0.998862 0.0460335 -0.012455 -16.9087 0.0456821 0.998587 0.0271603 -1.20653 0.0136876 0.0265604 -0.999553 180.646 
406 -0.99888 0.0458323 -0.0117512 -17.0214 0.0454744 0.998542 0.0290996 -1.52842 0.0130678 0.0285326 -0.999507 179.16 
407 -0.998886 0.046 -0.0104852 -17.238 0.045674 0.998522 0.029458 -1.55676 0.0118248 0.0289463 -0.999511 177.679 
408 -0.998913 0.0458145 -0.00859137 -17.5618 0.0455572 0.998567 0.0280701 -1.28474 0.00986508 0.0276482 -0.999569 176.186 
409 -0.998946 0.0454239 -0.00662102 -17.8968 0.0452295 0.998611 0.027032 -1.07888 0.00783972 0.026704 -0.999613 174.693 
410 -0.998945 0.0456913 -0.0045904 -18.2386 0.0455413 0.99855 0.0287167 -1.33676 0.00589584 0.0284774 -0.999577 173.191 
411 -0.998914 0.0465336 -0.00246244 -18.5995 0.0464373 0.998457 0.0304421 -1.58545 0.00387522 0.0302947 -0.999533 171.687 
412 -0.99887 0.0475152 -0.000343786 -18.9514 0.0474844 0.998436 0.0295038 -1.37523 0.00174513 0.0294541 -0.999565 170.21 
413 -0.998869 0.0475287 0.00153792 -19.2714 0.0475534 0.998434 0.0294819 -1.33969 -0.000134271 0.0295217 -0.999564 168.386 
414 -0.998854 0.0477179 0.0036657 -19.6118 0.047808 0.998387 0.0306297 -1.49598 -0.0021982 0.0307699 -0.999524 167.287 
