0 1 0.000160488 -3.07045e-06 0.000183504 -0.000160488 1 3.9034e-05 -0.000383031 3.07672e-06 -3.90335e-05 1 0.000425395 
7 0.999697 -0.0071739 0.0235287 0.00592197 0.00708283 0.999967 0.00395181 0.269768 -0.0235562 -0.00378397 0.999715 -5.06915 
10 0.999376 -0.00783299 0.0344359 -0.035974 0.0077329 0.999965 0.00303879 0.391448 -0.0344585 -0.00277061 0.999402 -7.25805 
13 0.998942 -0.00935909 0.045032 -0.0967143 0.00931796 0.999956 0.00112322 0.532929 -0.0450405 -0.000702423 0.998985 -9.48562 
15 0.998554 -0.00837552 0.0531065 -0.15998 0.00829363 0.999964 0.00176209 0.620133 -0.0531193 -0.0013191 0.998587 -11.1715 
18 0.998159 -0.00643901 0.0603155 -0.229058 0.00628606 0.999977 0.00272523 0.697083 -0.0603316 -0.00234106 0.998176 -12.8148 
19 0.997931 -0.00674922 0.0639419 -0.26234 0.0065741 0.999974 0.00294875 0.756599 -0.0639601 -0.00252229 0.997949 -13.9219 
21 0.99771 -0.00746367 0.067231 -0.297694 0.00724991 0.999968 0.00342296 0.81447 -0.0672544 -0.0029277 0.997732 -15.0477 
23 0.997401 -0.00725222 0.0716786 -0.359145 0.00706928 0.999971 0.00280557 0.916033 -0.0716969 -0.00229156 0.997424 -16.7257 
26 0.997032 -0.00743668 0.0766224 -0.427944 0.00722094 0.999969 0.00309233 1.03066 -0.0766431 -0.00252987 0.997055 -18.9925 
29 0.996803 -0.00700754 0.0795931 -0.47282 0.00672788 0.99997 0.00378124 1.14286 -0.0796172 -0.00323366 0.99682 -21.248 
32 0.996616 -0.0113389 0.0814118 -0.499148 0.0109563 0.999927 0.00514496 1.21169 -0.0814642 -0.00423558 0.996667 -22.961 
35 0.99636 -0.0154901 0.08383 -0.542218 0.0150974 0.999872 0.00531694 1.33807 -0.0839016 -0.00403197 0.996466 -25.2575 
37 0.996201 -0.01755 0.0853 -0.566577 0.0171061 0.999836 0.0059319 1.42164 -0.0853901 -0.00445021 0.996338 -26.9964 
39 0.99601 -0.0148055 0.088006 -0.628205 0.014412 0.999883 0.00510543 1.53113 -0.0880713 -0.00381672 0.996107 -28.7377 
42 0.995674 -0.0109373 0.0922713 -0.742387 0.0105333 0.999933 0.0048646 1.62344 -0.0923183 -0.00387163 0.995722 -30.4682 
45 0.995263 -0.00773385 0.0969065 -0.869016 0.00728508 0.999961 0.00498394 1.70898 -0.0969413 -0.00425436 0.995281 -32.203 
47 0.99498 -0.00689806 0.0998353 -0.953262 0.00650857 0.99997 0.00422652 1.79582 -0.0998615 -0.00355552 0.994995 -33.3536 
50 0.99457 -0.00379572 0.104 -1.07819 0.00322556 0.999979 0.00564995 1.83903 -0.104019 -0.00528382 0.994561 -35.0657 
53 0.994175 -0.00707278 0.107547 -1.19237 0.00630117 0.999952 0.00751274 1.8768 -0.107595 -0.0067913 0.994172 -36.769 
54 0.994019 -0.00707404 0.108979 -1.24143 0.00636268 0.999956 0.00687382 1.93379 -0.109023 -0.00613931 0.99402 -37.327 
55 0.99388 -0.00689741 0.110252 -1.2824 0.00630086 0.999964 0.00575826 2.00481 -0.110288 -0.00502834 0.993887 -37.8878 
57 0.993639 -0.00735167 0.112375 -1.35514 0.00698394 0.999969 0.00366567 2.15153 -0.112398 -0.00285753 0.993659 -39.0046 
59 0.993417 -0.0065354 0.114368 -1.4241 0.00618271 0.999975 0.00343824 2.22638 -0.114388 -0.0027085 0.993433 -40.1338 
61 0.9932 -0.00728072 0.116195 -1.48542 0.00689614 0.999969 0.00371153 2.27956 -0.116218 -0.002885 0.99322 -41.2515 
63 0.992985 -0.00491212 0.118141 -1.55521 0.0045429 0.999984 0.00339433 2.34745 -0.118156 -0.00283381 0.992991 -42.3576 
66 0.992764 -0.0131906 0.119351 -1.60316 0.0133348 0.999911 -0.000409009 2.63545 -0.119335 0.00199757 0.992852 -44.0126 
69 0.992685 -0.0116399 0.120174 -1.62421 0.0113895 0.999931 0.00277094 2.58372 -0.120198 -0.00138196 0.992749 -45.6603 
72 0.99261 -0.0190918 0.119835 -1.60944 0.0187064 0.999816 0.00434036 2.62607 -0.119896 -0.0020666 0.992784 -47.3032 
75 0.992447 -0.0170387 0.121485 -1.67446 0.0164303 0.999847 0.00600828 2.6285 -0.121569 -0.00396687 0.992575 -48.9423 
77 0.992414 -0.0190339 0.121459 -1.66784 0.0182937 0.999807 0.00720712 2.63831 -0.121573 -0.00493052 0.99257 -50.0409 
79 0.992289 -0.0222281 0.121937 -1.6858 0.0211948 0.999728 0.00976467 2.58558 -0.12212 -0.00710495 0.99249 -51.1444 
81 0.992192 -0.0205444 0.123017 -1.73158 0.0194011 0.999757 0.0104841 2.60066 -0.123202 -0.00801558 0.992349 -52.2456 
83 0.992078 -0.0189351 0.124192 -1.7812 0.0180136 0.999801 0.0085388 2.75479 -0.124329 -0.00623401 0.992221 -53.3569 
85 0.991822 -0.0197325 0.126095 -1.88476 0.0195803 0.999805 0.0024462 3.14688 -0.126119 4.27934e-05 0.992015 -54.4806 
88 0.991425 -0.0160209 0.129692 -2.0604 0.0162242 0.999868 -0.000511659 3.39258 -0.129667 0.00261143 0.991554 -56.1046 
91 0.991094 -0.0167137 0.13211 -2.18772 0.0164583 0.99986 0.00302507 3.28324 -0.132142 -0.000823829 0.99123 -57.7767 
94 0.990564 -0.0157131 0.136146 -2.41087 0.0154982 0.999876 0.00263834 3.39436 -0.136171 -0.000503426 0.990685 -59.4153 
97 0.990168 -0.0161679 0.138945 -2.56589 0.0156345 0.999866 0.00492955 3.35167 -0.139006 -0.00270875 0.990288 -61.0484 
100 0.98979 -0.0110438 0.142102 -2.73843 0.0103573 0.999931 0.00556955 3.37389 -0.142153 -0.00404089 0.989836 -62.6598 
103 0.989557 -0.00846643 0.143891 -2.83029 0.00839612 0.999964 0.00109583 3.73406 -0.143895 0.000123739 0.989593 -64.2631 
106 0.989275 -0.00679082 0.145907 -2.94452 0.0065597 0.999976 0.00206509 3.75981 -0.145917 -0.00108583 0.989296 -65.8627 
109 0.989098 -0.00683823 0.147097 -3.0201 0.0061457 0.999968 0.00516195 3.64086 -0.147128 -0.00420166 0.989109 -67.4684 
112 0.989046 -0.0056892 0.147496 -3.03432 0.00461914 0.99996 0.00759629 3.55517 -0.147533 -0.00683178 0.989033 -69.0535 
116 0.988859 -0.00935285 0.148559 -3.10407 0.00879223 0.999952 0.00443003 3.92308 -0.148594 -0.0030745 0.988894 -71.1417 
120 0.988699 -0.012258 0.149411 -3.15874 0.0121739 0.999925 0.00147771 4.30817 -0.149418 0.000357901 0.988774 -73.7416 
123 0.988555 -0.0103573 0.150506 -3.22632 0.0112277 0.999925 -0.00493445 4.89408 -0.150444 0.00656782 0.988597 -75.8065 
125 0.988348 -0.0108382 0.151828 -3.32645 0.0107181 0.999941 0.00160971 4.47719 -0.151836 3.6352e-05 0.988406 -77.4307 
128 0.988053 -0.00946928 0.153824 -3.46855 0.00867 0.999945 0.0058661 4.24294 -0.153871 -0.00446236 0.988081 -79.463 
130 0.987854 -0.0113776 0.154969 -3.55442 0.0107064 0.999929 0.00516523 4.40323 -0.155017 -0.00344334 0.987906 -81.0235 
132 0.987572 -0.0124002 0.156679 -3.68927 0.0114133 0.999909 0.00719665 4.33251 -0.156754 -0.00531899 0.987623 -82.5679 
134 0.987318 -0.0118998 0.158309 -3.81318 0.0119887 0.999928 0.000393637 4.98329 -0.158302 0.00150926 0.98739 -84.1072 
136 0.987104 -0.0126227 0.159582 -3.91238 0.0128958 0.999917 -0.000675725 5.1725 -0.15956 0.00272495 0.987184 -85.6764 
139 0.986782 -0.0143794 0.161413 -4.06767 0.0136318 0.999891 0.00573827 4.71909 -0.161478 -0.00346207 0.98687 -87.3236 
142 0.986511 -0.0167154 0.162837 -4.19125 0.0155196 0.999842 0.00861317 4.57396 -0.162955 -0.00596983 0.986615 -88.8792 
144 0.986295 -0.0155009 0.164264 -4.30545 0.0146523 0.999872 0.00637678 4.81479 -0.164341 -0.00388255 0.986396 -89.9116 
146 0.986154 -0.0138425 0.165251 -4.38431 0.0134354 0.999903 0.00358114 5.11309 -0.165284 -0.00131135 0.986245 -90.9832 
148 0.985991 -0.014925 0.166128 -4.4613 0.0148926 0.999888 0.00144109 5.38032 -0.166131 0.00105317 0.986103 -91.9771 
150 0.985764 -0.0137919 0.167571 -4.58618 0.0137148 0.999905 0.0016169 5.41252 -0.167577 0.000704328 0.985859 -93.0405 
151 0.985655 -0.0138913 0.168202 -4.64288 0.013777 0.999903 0.00184667 5.42101 -0.168211 0.000497146 0.985751 -93.5505 
153 0.985492 -0.0135168 0.169184 -4.72743 0.0132885 0.999909 0.00248176 5.41427 -0.169202 -0.000197555 0.985581 -94.5829 
155 0.985334 -0.0147131 0.170001 -4.80056 0.0142052 0.99989 0.00420347 5.31955 -0.170044 -0.00172693 0.985435 -95.5934 
157 0.985122 -0.0169758 0.171018 -4.90953 0.0159881 0.999847 0.00715104 5.1204 -0.171113 -0.00431039 0.985242 -96.6366 
159 0.984981 -0.018816 0.171637 -4.96945 0.0173043 0.999797 0.0102996 4.88764 -0.171796 -0.00717482 0.985106 -97.657 
161 0.984834 -0.0188039 0.172475 -5.04611 0.0172992 0.999798 0.0102236 4.94924 -0.172632 -0.00708483 0.984961 -98.6706 
163 0.984679 -0.0190113 0.173335 -5.12741 0.0179114 0.999808 0.00790749 5.24008 -0.173452 -0.00468166 0.984831 -99.6648 
166 0.984409 -0.0180507 0.174964 -5.27866 0.0170988 0.99983 0.00694662 5.4125 -0.17506 -0.00384664 0.98455 -101.176 
168 0.984159 -0.0165824 0.176509 -5.42112 0.0156856 0.999856 0.00647461 5.49709 -0.176591 -0.0036034 0.984278 -102.184 
170 0.983866 -0.0155675 0.17823 -5.58835 0.0149401 0.999877 0.00486173 5.70743 -0.178283 -0.00212052 0.983977 -103.176 
173 0.983431 -0.016103 0.180567 -5.82166 0.0156923 0.99987 0.00370317 5.91915 -0.180603 -0.000808308 0.983556 -104.671 
175 0.983056 -0.0179533 0.182423 -6.01987 0.0173763 0.999838 0.00476124 5.88972 -0.182479 -0.00151073 0.983209 -105.668 
178 0.982407 -0.0192625 0.185758 -6.37512 0.0182309 0.999807 0.00726024 5.71909 -0.185862 -0.00374597 0.982569 -107.164 
180 0.981991 -0.0189579 0.187974 -6.60641 0.017649 0.999807 0.00863443 5.61949 -0.188101 -0.00516138 0.982136 -108.154 
182 0.981565 -0.0181432 0.190266 -6.84799 0.0166529 0.999817 0.00942872 5.57667 -0.190402 -0.00608642 0.981687 -109.147 
184 0.981065 -0.0196209 0.192681 -7.11463 0.0185441 0.999801 0.00739063 5.87884 -0.192787 -0.00367759 0.981234 -110.128 
186 0.980536 -0.021654 0.195139 -7.39195 0.0212689 0.999766 0.00406885 6.33743 -0.195182 0.00016074 0.980767 -111.104 
188 0.979986 -0.0192354 0.198135 -7.7093 0.0191183 0.999814 0.00250411 6.54133 -0.198146 0.001334 0.980172 -112.084 
190 0.979513 -0.0211165 0.200271 -7.95191 0.0211467 0.999774 0.00198821 6.68407 -0.200268 0.00228761 0.979738 -113.076 
192 0.979139 -0.0220357 0.201993 -8.14861 0.0219675 0.999755 0.00258 6.68827 -0.202001 0.0019111 0.979384 -114.155 
194 0.978583 -0.0215452 0.204724 -8.44621 0.0214494 0.999766 0.00268732 6.72084 -0.204734 0.00176145 0.978816 -115.084 
196 0.97806 -0.0223769 0.207117 -8.72871 0.0219463 0.99975 0.004377 6.5872 -0.207163 0.000264478 0.978306 -116.102 
198 0.97751 -0.0228781 0.209646 -9.02468 0.0224868 0.999738 0.00425006 6.66435 -0.209688 0.000559788 0.977768 -117.103 
200 0.976955 -0.0235601 0.212142 -9.31795 0.0229951 0.999722 0.00513042 6.62687 -0.212204 -0.000133953 0.977225 -118.116 
202 0.976398 -0.0232276 0.214725 -9.62473 0.0223877 0.999729 0.00634314 6.53915 -0.214815 -0.00138622 0.976654 -119.198 
204 0.975911 -0.0239942 0.216846 -9.87107 0.0228894 0.999709 0.00760524 6.44526 -0.216965 -0.00245856 0.976176 -120.147 
206 0.975322 -0.0248826 0.219381 -10.1808 0.0239848 0.999689 0.00675549 6.62252 -0.219481 -0.00132696 0.975616 -121.143 
208 0.974724 -0.0242638 0.222092 -10.5023 0.0236826 0.999706 0.00527975 6.85566 -0.222155 0.000113426 0.975011 -122.132 
210 0.974096 -0.0233145 0.224928 -10.8442 0.023219 0.999726 0.00307007 7.17625 -0.224938 0.00223206 0.974371 -123.149 
212 0.973527 -0.0220349 0.227506 -11.15 0.0221213 0.999753 0.0021703 7.32579 -0.227497 0.00291988 0.973774 -124.109 
214 0.972757 -0.0222697 0.230756 -11.561 0.0224041 0.999747 0.00203805 7.40852 -0.230743 0.00318736 0.97301 -125.137 
217 0.97172 -0.0201283 0.235279 -12.11 0.019604 0.999797 0.00456785 7.12791 -0.235323 0.000173722 0.971917 -126.581 
219 0.971025 -0.0191369 0.238212 -12.4793 0.0185254 0.999817 0.00480587 7.13777 -0.23826 -0.000253664 0.971201 -127.55 
221 0.970322 -0.0191308 0.24106 -12.8456 0.018612 0.999817 0.00442903 7.24573 -0.241101 0.000189028 0.9705 -128.502 
223 0.969518 -0.0187368 0.244301 -13.2733 0.0181094 0.999824 0.00481426 7.25162 -0.244348 -0.000243368 0.969688 -129.57 
225 0.96871 -0.0170686 0.247609 -13.6888 0.0156942 0.999849 0.00752328 6.91198 -0.2477 -0.00340184 0.968831 -130.456 
227 0.967823 -0.0164152 0.251095 -14.156 0.0143045 0.999845 0.0102291 6.59382 -0.251224 -0.00630814 0.967908 -131.516 
229 0.966779 -0.0174027 0.25502 -14.6767 0.0148177 0.999818 0.0120542 6.41332 -0.255183 -0.00787497 0.966861 -132.38 
231 0.965425 -0.0170226 0.260124 -15.3663 0.0145033 0.999828 0.0116012 6.52371 -0.260277 -0.00742745 0.965506 -133.324 
233 0.964346 -0.0169134 0.264102 -15.9019 0.0147139 0.999839 0.0103046 6.75707 -0.264234 -0.0060512 0.96444 -134.25 
235 0.963255 -0.0185515 0.267946 -16.4432 0.0164003 0.999813 0.0102643 6.8551 -0.268086 -0.00549273 0.963379 -135.173 
237 0.962084 -0.0192009 0.272078 -17.0148 0.016651 0.999793 0.0116779 6.72612 -0.272246 -0.00670479 0.962204 -136.111 
239 0.960929 -0.0186116 0.27617 -17.5789 0.0152861 0.999782 0.0141895 6.40836 -0.276374 -0.00941351 0.961004 -137.036 
241 0.959846 -0.0188827 0.279892 -18.1018 0.0152117 0.999767 0.0152824 6.31097 -0.280116 -0.0104111 0.95991 -137.952 
244 0.95801 -0.0262352 0.285532 -18.9478 0.0245996 0.999654 0.00931426 7.40945 -0.285677 -0.0018992 0.958324 -139.239 
247 0.955926 -0.0125242 0.293341 -19.9722 0.0119056 0.999922 0.00389397 7.98124 -0.293366 -0.000229935 0.956 -140.566 
249 0.954654 -0.0116009 0.297491 -20.5676 0.0098858 0.999925 0.00726906 7.51715 -0.297553 -0.00399851 0.954697 -141.479 
251 0.953038 -0.00949212 0.3027 -21.3122 0.00733924 0.999939 0.00824896 7.37171 -0.30276 -0.00563998 0.95305 -142.346 
253 0.951098 -0.00821531 0.308779 -22.2017 0.00634036 0.999955 0.00707505 7.56858 -0.308824 -0.00477129 0.951107 -143.17 
255 0.949487 -0.00624241 0.313743 -22.9232 0.00447334 0.99997 0.00635819 7.68183 -0.313774 -0.00463354 0.949487 -144.017 
257 0.947828 -0.0063347 0.318718 -23.666 0.00454229 0.999969 0.00636672 7.73919 -0.318749 -0.00458685 0.947828 -144.871 
260 0.945216 -0.00811209 0.326344 -24.8241 0.00570159 0.999949 0.00834223 7.56033 -0.326395 -0.00602453 0.945214 -146.152 
263 0.942643 -0.00943901 0.333669 -25.9592 0.00655936 0.999931 0.00975582 7.45779 -0.333738 -0.0070076 0.94264 -147.431 
266 0.940454 -0.011207 0.339736 -26.9135 0.00810592 0.999912 0.0105456 7.45908 -0.339824 -0.00716379 0.940462 -148.727 
269 0.938313 -0.0130861 0.345541 -27.8366 0.0106052 0.999903 0.00906959 7.82314 -0.345626 -0.0048456 0.93836 -150.001 
272 0.936346 -0.0138329 0.350806 -28.6675 0.0114024 0.999895 0.00899301 7.93539 -0.350893 -0.00442053 0.936405 -151.29 
275 0.934292 -0.0160522 0.356147 -29.5331 0.0133804 0.999861 0.00996421 7.91694 -0.356258 -0.00454409 0.934377 -152.565 
278 0.93241 -0.0164286 0.361029 -30.3234 0.0137605 0.999856 0.00995984 8.00775 -0.36114 -0.00431871 0.932502 -153.838 
281 0.930806 -0.0169799 0.365118 -30.9867 0.0138402 0.999841 0.0112149 7.89742 -0.365251 -0.00538556 0.930894 -155.143 
283 0.929902 -0.019401 0.367297 -31.3634 0.0159159 0.999795 0.0125154 7.80793 -0.367464 -0.00579226 0.93002 -156.041 
285 0.929046 -0.0199533 0.369427 -31.723 0.0163796 0.999784 0.012808 7.83095 -0.369602 -0.00584821 0.929172 -156.928 
287 0.928171 -0.0208616 0.371568 -32.0841 0.0176036 0.999771 0.0121585 8.02089 -0.371737 -0.00474425 0.928326 -157.805 
290 0.927274 -0.0226505 0.373698 -32.4591 0.0199617 0.99974 0.0110643 8.34316 -0.373851 -0.00279998 0.927484 -159.166 
292 0.926678 -0.0236602 0.37511 -32.7072 0.0210958 0.999718 0.0109422 8.44825 -0.375263 -0.00222668 0.926916 -160.082 
295 0.925755 -0.0225029 0.377454 -33.0949 0.0201813 0.999745 0.0101052 8.64008 -0.377585 -0.00173744 0.925973 -161.466 
298 0.924885 -0.0216461 0.379629 -33.4525 0.0198908 0.999766 0.00854592 8.96492 -0.379725 -0.000352849 0.925099 -162.83 
300 0.924434 -0.0202093 0.380806 -33.639 0.0187301 0.999796 0.00759027 9.13918 -0.380882 0.000115846 0.924624 -163.763 
302 0.92389 -0.0186823 0.382201 -33.8665 0.0166871 0.999824 0.00853464 8.9783 -0.382293 -0.00150724 0.92404 -164.704 
305 0.923448 -0.0183337 0.383286 -34.0464 0.0151797 0.999821 0.0112521 8.55706 -0.383424 -0.00457255 0.923561 -166.186 
307 0.923277 -0.0186365 0.383683 -34.1168 0.0152899 0.999814 0.0117706 8.52953 -0.383831 -0.00500101 0.92339 -167.169 
310 0.923096 -0.0220275 0.383939 -34.1874 0.0183212 0.999744 0.0133085 8.45204 -0.384134 -0.00525076 0.923263 -168.636 
313 0.923315 -0.027332 0.383069 -34.0541 0.0243188 0.999623 0.0127075 8.82737 -0.383272 -0.00241723 0.923632 -170.033 
316 0.924256 -0.0219242 0.381144 -33.6524 0.0169737 0.999722 0.0163457 8.05078 -0.381396 -0.00863818 0.924371 -171.705 
318 0.925625 -0.024743 0.377632 -33.0201 0.0190957 0.999643 0.0186921 7.76774 -0.37796 -0.0100907 0.925767 -172.815 
320 0.926203 -0.0233141 0.376303 -32.7499 0.0197679 0.999716 0.013283 8.77859 -0.376506 -0.00486407 0.926401 -173.794 
322 0.927273 -0.0210129 0.373797 -32.254 0.0184283 0.999775 0.0104873 9.27527 -0.373933 -0.00283613 0.927451 -174.839 
324 0.928569 -0.0230816 0.370441 -31.6374 0.0199986 0.999726 0.0121618 9.09283 -0.37062 -0.00388478 0.928776 -175.945 
326 0.929685 -0.0266509 0.36739 -31.0757 0.0231563 0.999635 0.0139172 8.94183 -0.367627 -0.00443118 0.929963 -176.919 
329 0.931792 -0.031058 0.361661 -30.0385 0.02879 0.999517 0.0116592 9.62952 -0.361848 -0.000451765 0.932237 -178.648 
332 0.934009 -0.0303039 0.355961 -28.9328 0.0293123 0.999537 0.00818039 10.3552 -0.356044 0.00279348 0.934465 -180.298 
335 0.936821 -0.0284946 0.348648 -27.4829 0.0273786 0.999592 0.00812869 10.3656 -0.348737 0.00193038 0.937219 -181.83 
338 0.939564 -0.026133 0.341375 -26.0587 0.0232568 0.999651 0.0125159 9.51427 -0.341583 -0.00382026 0.939844 -183.76 
340 0.941194 -0.0224275 0.337122 -25.1873 0.0182251 0.999712 0.0156252 8.80965 -0.337376 -0.00856221 0.941331 -184.907 
342 0.942811 -0.0210399 0.332663 -24.2962 0.0167658 0.999736 0.015714 8.79056 -0.332905 -0.00923796 0.942915 -186.016 
344 0.944449 -0.0213365 0.327965 -23.3746 0.0176076 0.999742 0.0143355 9.13138 -0.328186 -0.00776441 0.944581 -187.088 
346 0.946072 -0.0187978 0.323411 -22.4481 0.0158286 0.999805 0.0118092 9.58365 -0.32357 -0.00605317 0.946185 -188.157 
348 0.947693 -0.0161961 0.318773 -21.4962 0.0139015 0.999859 0.00947198 9.99504 -0.318881 -0.0045451 0.947784 -189.224 
350 0.949248 -0.0176631 0.314033 -20.5657 0.0163646 0.999843 0.00677089 10.6487 -0.314103 -0.00128825 0.949388 -190.262 
352 0.950749 -0.0163942 0.309527 -19.6452 0.0157616 0.999865 0.00454453 11.0947 -0.30956 0.000557941 0.95088 -191.298 
354 0.952211 -0.0154282 0.305053 -18.7344 0.0148096 0.999881 0.00434167 11.1476 -0.305083 0.000383536 0.952326 -192.352 
356 0.95417 -0.0161468 0.298829 -17.4843 0.0155533 0.99987 0.00436465 11.2234 -0.298861 0.000483158 0.954297 -193.439 
358 0.956286 -0.0178842 0.291886 -16.0964 0.0183578 0.999831 0.00111651 12.011 -0.291857 0.00429068 0.956452 -194.492 
359 0.957347 -0.0195474 0.288279 -15.373 0.0203266 0.999793 0.000290769 12.2663 -0.288225 0.00558136 0.957546 -194.842 
361 0.959149 -0.0253881 0.281758 -14.1208 0.0265746 0.999647 -0.000390202 12.7239 -0.281649 0.00786189 0.959485 -196.038 
363 0.960993 -0.0249824 0.275443 -12.824 0.025909 0.999664 0.000274787 12.623 -0.275357 0.00687238 0.961317 -197.105 
365 0.962978 -0.0226303 0.268629 -11.3985 0.0231856 0.999731 0.00110563 12.4047 -0.268582 0.00516363 0.963243 -198.181 
366 0.964033 -0.0247444 0.264628 -10.5987 0.0251082 0.999683 0.00200793 12.3365 -0.264593 0.00470861 0.964349 -198.726 
368 0.96603 -0.0277872 0.256932 -9.04953 0.027758 0.999608 0.00374131 12.1634 -0.256935 0.0035177 0.966422 -199.779 
370 0.967688 -0.0295769 0.25041 -7.72649 0.0292089 0.99956 0.00518682 11.9965 -0.250453 0.00229497 0.968126 -200.806 
372 0.969806 -0.0256085 0.242531 -6.05054 0.0243036 0.99967 0.00837124 11.2109 -0.242666 -0.00222409 0.970107 -201.703 
374 0.971918 -0.0262812 0.233846 -4.2565 0.0242408 0.999639 0.0115955 10.6327 -0.234067 -0.00560126 0.972204 -202.882 
376 0.97385 -0.0276269 0.225508 -2.53936 0.0257081 0.999604 0.0114415 10.7768 -0.225734 -0.00534494 0.974174 -203.844 
378 0.975634 -0.0292624 0.217446 -0.875687 0.0287469 0.999571 0.00553423 12.1367 -0.217515 0.000851527 0.976057 -204.731 
380 0.977518 -0.0302657 0.208668 0.950303 0.030141 0.999539 0.00377808 12.6069 -0.208686 0.00259633 0.977979 -205.646 
382 0.979555 -0.0266334 0.199407 2.93216 0.0257374 0.999644 0.00708423 11.7978 -0.199525 -0.00180717 0.979891 -206.482 
384 0.981252 -0.0260074 0.190966 4.72348 0.0245737 0.999649 0.00987235 11.239 -0.191156 -0.00499452 0.981547 -207.549 
386 0.982869 -0.0277816 0.182198 6.55133 0.0265894 0.999606 0.0089837 11.5574 -0.182376 -0.00398528 0.983221 -208.421 
388 0.984327 -0.0268169 0.174304 8.231 0.025924 0.999637 0.00739804 11.907 -0.174439 -0.00276344 0.984664 -209.27 
391 0.986641 -0.0234633 0.16121 11.0465 0.0224453 0.999715 0.00813296 11.6803 -0.161355 -0.0044059 0.986887 -210.547 
393 0.98803 -0.023398 0.152479 12.9022 0.0227358 0.999723 0.00608562 12.1655 -0.152579 -0.00254603 0.988288 -211.338 
395 0.989496 -0.0245493 0.142464 15.022 0.024105 0.999698 0.00484341 12.536 -0.14254 -0.00135844 0.989788 -212.101 
397 0.991025 -0.023883 0.131522 17.3661 0.0235606 0.999714 0.00400761 12.7394 -0.131581 -0.0008729 0.991305 -212.826 
399 0.992596 -0.0233013 0.11921 20.0075 0.0227348 0.999723 0.00611027 12.3138 -0.119319 -0.00335482 0.99285 -213.534 
401 0.994025 -0.0218803 0.106935 22.6462 0.0214418 0.999756 0.00524849 12.4754 -0.107023 -0.00292426 0.994252 -214.096 
403 0.995377 -0.0174723 0.0944467 25.385 0.0171116 0.999843 0.00462685 12.4704 -0.0945127 -0.00298932 0.995519 -214.762 
405 0.996539 -0.0145639 0.081845 28.1277 0.0142063 0.999887 0.00495002 12.3215 -0.0819079 -0.00377018 0.996633 -215.333 
407 0.997519 -0.0138755 0.0690165 30.8937 0.013476 0.99989 0.00625031 12.0617 -0.0690956 -0.00530474 0.997596 -215.874 
409 0.998325 -0.0146472 0.0559663 33.6972 0.0142087 0.999865 0.00822576 11.7183 -0.0560792 -0.00741677 0.998399 -216.353 
411 0.99898 -0.0144983 0.0427687 36.5454 0.0142534 0.99988 0.00602571 12.2467 -0.042851 -0.00540996 0.999067 -216.801 
413 0.999458 -0.0159329 0.0288245 39.5386 0.015792 0.999862 0.00510864 12.5625 -0.0289019 -0.00465067 0.999571 -217.165 
415 0.999753 -0.0166259 0.0147554 42.5731 0.0165706 0.999855 0.00386471 12.9178 -0.0148175 -0.00361925 0.999884 -217.482 
417 0.999828 -0.0185447 -8.72749e-05 45.7628 0.0185448 0.999826 0.00195174 13.4726 5.10653e-05 -0.00195302 0.999998 -217.711 
419 0.999645 -0.0217746 -0.0153796 49.0357 0.021782 0.999763 0.000309371 14.0276 0.0153692 -0.000644258 0.999882 -217.873 
421 0.999272 -0.0225357 -0.0307904 52.3695 0.0225577 0.999745 0.000366773 14.1037 0.0307742 -0.00106107 0.999526 -218.003 
423 0.998714 -0.0215145 -0.0458979 55.6639 0.0215895 0.999766 0.00113734 13.9416 0.0458627 -0.00212679 0.998945 -218.108 
425 0.99789 -0.0216269 -0.061213 58.9935 0.0217614 0.999762 0.00153198 13.9112 0.0611653 -0.00286083 0.998124 -218.155 
427 0.996941 -0.0208982 -0.0753103 62.0698 0.0209895 0.99978 0.000421126 14.1735 0.0752849 -0.00200056 0.99716 -218.211 
429 0.995883 -0.0200398 -0.0884037 64.9514 0.0201127 0.999798 -6.60754e-05 14.2952 0.0883872 -0.00171224 0.996085 -218.34 
431 0.994664 -0.019223 -0.101361 67.7736 0.0193292 0.999813 6.59799e-05 14.281 0.101341 -0.00202486 0.99485 -218.362 
433 0.993297 -0.0200355 -0.113842 70.494 0.0201796 0.999796 0.000113237 14.3597 0.113816 -0.00240975 0.993499 -218.43 
435 0.992047 -0.016855 -0.124736 72.9204 0.017096 0.999853 0.000861234 14.1008 0.124703 -0.00298686 0.99219 -218.563 
437 0.990927 -0.0137262 -0.133696 74.9391 0.0140294 0.999901 0.00132594 13.904 0.133664 -0.00318958 0.991022 -218.818 
439 0.990029 -0.01272 -0.14029 76.4041 0.0129882 0.999915 0.000996275 13.9867 0.140265 -0.00280845 0.99011 -219.235 
441 0.98489 -0.0400059 -0.1685 81.8961 0.0340699 0.998698 -0.0379748 24.8456 0.169799 0.0316602 0.98497 -218.349 
442 0.984292 -0.0393165 -0.172115 82.7173 0.0338049 0.998821 -0.0348385 24.1497 0.173282 0.0284729 0.984461 -218.63 
444 0.983238 -0.0393135 -0.178039 84.0338 0.0339468 0.998876 -0.0330913 23.8005 0.17914 0.0264927 0.983467 -219.111 
446 0.982018 -0.0420901 -0.184037 85.3279 0.0364259 0.998756 -0.034052 24.183 0.185241 0.026736 0.982329 -219.517 
447 0.98144 -0.0421587 -0.187076 86.0092 0.0362977 0.99874 -0.0346469 24.3396 0.188301 0.0272134 0.981734 -219.703 
449 0.980458 -0.0412597 -0.192355 87.2062 0.0354304 0.998806 -0.0336484 24.1223 0.193514 0.0261756 0.980748 -220.191 
451 0.979435 -0.0395957 -0.197837 88.4674 0.0338857 0.998908 -0.0321659 23.7594 0.198895 0.0248006 0.979707 -220.681 
453 0.978354 -0.0394107 -0.203152 89.6737 0.0335215 0.998914 -0.0323505 23.8348 0.204207 0.0248403 0.978613 -221.137 
456 0.977218 -0.0402854 -0.208381 90.8419 0.0336063 0.998805 -0.0354954 24.652 0.209562 0.0276838 0.977403 -221.986 
458 0.976465 -0.0396335 -0.212005 91.6874 0.0324941 0.998785 -0.0370557 25.0258 0.213216 0.0292947 0.976566 -222.583 
460 0.975719 -0.0386273 -0.215593 92.5259 0.0313795 0.998825 -0.0369416 25.0032 0.216766 0.0292795 0.975784 -223.2 
462 0.97493 -0.0392095 -0.219029 93.309 0.0320265 0.998829 -0.0362506 24.9186 0.220194 0.028327 0.975045 -223.855 
464 0.974172 -0.0391589 -0.222386 94.0861 0.0317921 0.998824 -0.0366114 25.0457 0.223558 0.0285957 0.974271 -224.488 
466 0.973752 -0.0377004 -0.224466 94.579 0.0300554 0.998849 -0.0373796 25.2093 0.225617 0.0296521 0.973765 -225.216 
468 0.97303 -0.039237 -0.227315 95.2263 0.0311262 0.998748 -0.0391579 25.7363 0.228567 0.0310264 0.973034 -225.884 
470 0.972517 -0.0407002 -0.229246 95.656 0.0326882 0.998718 -0.0386405 25.7295 0.230525 0.0300849 0.972601 -226.686 
472 0.972124 -0.0411605 -0.230824 96.0203 0.0337342 0.998781 -0.0360293 25.191 0.232026 0.0272382 0.972328 -227.58 
474 0.971816 -0.0422003 -0.231931 96.2698 0.0353014 0.998804 -0.0338175 24.7664 0.233081 0.0246769 0.972144 -228.515 
476 0.971641 -0.0433192 -0.23246 96.3832 0.0366119 0.998781 -0.0330928 24.6925 0.23361 0.0236435 0.972043 -229.47 
478 0.971542 -0.0445204 -0.232644 96.4163 0.0377548 0.998727 -0.0334557 24.8805 0.233837 0.0237202 0.971986 -230.435 
480 0.971308 -0.0482886 -0.232869 96.4156 0.0411602 0.998526 -0.0353769 25.5447 0.234234 0.0247769 0.971864 -231.363 
482 0.971359 -0.0479909 -0.232722 96.3915 0.0407467 0.998527 -0.0358393 25.6965 0.234099 0.0253302 0.971883 -232.355 
484 0.971283 -0.0486364 -0.232903 96.4318 0.0420915 0.998569 -0.0329923 25.0979 0.234174 0.0222416 0.97194 -233.406 
486 0.971133 -0.0510395 -0.233013 96.4257 0.0443689 0.998444 -0.0337832 25.4367 0.234374 0.0224695 0.971887 -234.376 
488 0.971006 -0.053037 -0.233099 96.4224 0.0456276 0.998271 -0.0370683 26.3616 0.234662 0.0253578 0.971746 -235.286 
490 0.971302 -0.0508938 -0.232341 96.2779 0.0428851 0.998303 -0.0393947 26.9002 0.233952 0.0283002 0.971836 -236.298 
492 0.971011 -0.0515354 -0.233412 96.5394 0.0436873 0.998296 -0.0386731 26.8033 0.235007 0.0273549 0.971609 -237.221 
494 0.971045 -0.0504787 -0.233501 96.5879 0.0435764 0.99845 -0.0346284 25.83 0.234887 0.0234506 0.97174 -238.32 
496 0.971167 -0.0493105 -0.233247 96.5491 0.0437145 0.99862 -0.029104 24.4841 0.23436 0.0180685 0.971982 -239.487 
498 0.971395 -0.0438236 -0.23339 96.6762 0.0381617 0.998859 -0.028722 24.2264 0.234383 0.0189938 0.971959 -240.466 
500 0.971328 -0.0447851 -0.233485 96.6868 0.0372296 0.998634 -0.0366692 26.2826 0.234809 0.0269253 0.971669 -241.255 
502 0.971156 -0.0455762 -0.234049 96.8176 0.0365831 0.998421 -0.042625 27.8549 0.235622 0.0328333 0.97129 -242.036 
504 0.970982 -0.0450037 -0.23488 97.0404 0.0363566 0.998497 -0.0410189 27.4923 0.236373 0.0312892 0.971159 -242.986 
506 0.970636 -0.0451521 -0.236276 97.394 0.0376946 0.998641 -0.0359877 26.2919 0.23758 0.0260246 0.971019 -243.963 
508 0.970154 -0.0458713 -0.238112 97.8384 0.0389011 0.998668 -0.0338924 25.837 0.23935 0.023618 0.970646 -244.794 
510 0.96982 -0.047733 -0.239105 98.073 0.0407249 0.998586 -0.0341678 26.0293 0.240398 0.023399 0.970392 -245.69 
512 0.969602 -0.0468828 -0.240154 98.3546 0.0398368 0.998624 -0.034113 26.0361 0.241423 0.023509 0.970135 -246.563 
514 0.969469 -0.0443646 -0.241168 98.6634 0.0374786 0.99875 -0.0330672 25.7304 0.242334 0.023019 0.96992 -247.471 
516 0.969112 -0.0433969 -0.242773 99.093 0.0366574 0.998809 -0.0322116 25.5275 0.243881 0.0223172 0.969548 -248.314 
518 0.968835 -0.0427112 -0.243999 99.4096 0.0358954 0.998833 -0.0323142 25.5785 0.245094 0.0225487 0.969237 -249.151 
520 0.968587 -0.0431334 -0.244907 99.657 0.0363313 0.99882 -0.0322266 25.6273 0.246008 0.0223165 0.969011 -250.08 
522 0.968449 -0.0409105 -0.245829 99.9332 0.0337343 0.998875 -0.0333339 25.8849 0.246917 0.0239893 0.96874 -250.944 
524 0.968192 -0.0401402 -0.246968 100.243 0.0327568 0.998887 -0.0339339 26.0662 0.248055 0.0247646 0.968429 -251.792 
526 0.967868 -0.0390855 -0.248401 100.643 0.0314689 0.998907 -0.0345609 26.2465 0.24948 0.0256335 0.968041 -252.64 
528 0.967586 -0.0393192 -0.249464 100.922 0.0315893 0.998891 -0.0349158 26.4003 0.25056 0.0259036 0.967754 -253.523 
530 0.967276 -0.0415385 -0.250303 101.112 0.0331247 0.998739 -0.0377357 27.2701 0.251555 0.0282096 0.967432 -254.369 
532 0.966956 -0.0426611 -0.25135 101.375 0.0338824 0.998659 -0.0391532 27.7381 0.252683 0.0293431 0.967104 -255.23 
534 0.966881 -0.0396112 -0.252135 101.627 0.0309876 0.998794 -0.0380832 27.4049 0.25334 0.0290089 0.966942 -256.169 
537 0.966089 -0.0400505 -0.255083 102.421 0.0311951 0.998765 -0.038669 27.6555 0.256316 0.0294004 0.966146 -257.358 
539 0.965696 -0.0437475 -0.255963 102.602 0.0339272 0.998513 -0.0426589 28.9017 0.257449 0.0325114 0.965745 -258.161 
541 0.965728 -0.0436725 -0.255857 102.579 0.0332119 0.998432 -0.0450657 29.6033 0.257423 0.0350237 0.965664 -259.098 
543 0.965358 -0.0477173 -0.256527 102.686 0.0370271 0.998239 -0.0463451 30.1383 0.258287 0.0352411 0.965425 -259.99 
544 0.964999 -0.0509452 -0.257257 102.843 0.0404479 0.998125 -0.0459367 30.1956 0.259115 0.0339233 0.96525 -260.918 
546 0.964687 -0.0557846 -0.257425 102.813 0.0457073 0.997942 -0.0449707 30.1485 0.259404 0.0316164 0.965251 -261.934 
547 0.963987 -0.0645411 -0.257999 102.822 0.0538954 0.997386 -0.0481319 31.346 0.260431 0.0324936 0.964945 -262.793 
549 0.963424 -0.071159 -0.258362 102.808 0.0596475 0.996857 -0.0521343 32.7064 0.26126 0.0348168 0.96464 -263.631 
551 0.964328 -0.0623237 -0.257269 102.626 0.052396 0.9976 -0.0452724 30.5997 0.259473 0.0301776 0.965279 -264.816 
553 0.964081 -0.0641998 -0.257731 102.767 0.0567912 0.997733 -0.0360954 28.2085 0.259464 0.020162 0.965542 -266.136 
555 0.963891 -0.0656217 -0.258085 102.852 0.0592506 0.997717 -0.0323956 27.2819 0.259622 0.0159341 0.965579 -267.181 
557 0.964676 -0.0602664 -0.256452 102.498 0.0536998 0.998027 -0.0325383 27.2067 0.257907 0.0176175 0.966009 -268.301 
559 0.965086 -0.0555376 -0.255979 102.452 0.0485152 0.998255 -0.0336724 27.4312 0.257403 0.0200778 0.966096 -269.28 
561 0.965217 -0.0530663 -0.256008 102.507 0.0456412 0.998349 -0.0348622 27.7419 0.257435 0.0219651 0.966046 -270.201 
562 0.96532 -0.0519877 -0.255841 102.472 0.0444954 0.998397 -0.0349907 27.7678 0.25725 0.0223935 0.966085 -270.663 
564 0.965692 -0.0480705 -0.255201 102.374 0.0402342 0.998547 -0.0358415 27.9431 0.256553 0.0243441 0.966223 -271.673 
566 0.965798 -0.0464705 -0.255099 102.375 0.0387118 0.998625 -0.0353544 27.8114 0.256391 0.0242698 0.966268 -272.653 
568 0.965922 -0.0460516 -0.254704 102.229 0.0383648 0.998648 -0.0350679 27.7591 0.255975 0.0241011 0.966383 -273.472 
570 0.966044 -0.0464316 -0.254169 102.118 0.0388277 0.998638 -0.0348548 27.7775 0.255442 0.0238024 0.966531 -274.701 
572 0.966238 -0.0442834 -0.253818 102.058 0.0362832 0.998689 -0.0361167 28.124 0.255085 0.025688 0.966577 -275.655 
574 0.966271 -0.0438794 -0.253763 102.056 0.0356254 0.998679 -0.0370333 28.427 0.255052 0.0267438 0.966557 -276.594 
576 0.966303 -0.0436453 -0.253679 102.041 0.0356021 0.99871 -0.0362133 28.2392 0.254932 0.0259616 0.96661 -277.58 
578 0.966461 -0.0443631 -0.252954 101.795 0.0373149 0.998772 -0.0325959 27.2652 0.254089 0.0220637 0.966929 -278.587 
580 0.966513 -0.0453254 -0.252584 101.706 0.0384503 0.998745 -0.0320917 27.2101 0.253722 0.0213051 0.967043 -279.738 
582 0.966536 -0.0465286 -0.252276 101.602 0.0394214 0.998672 -0.0331569 27.6042 0.253484 0.0221023 0.967087 -280.713 
585 0.966833 -0.0454864 -0.251325 101.349 0.0373753 0.998618 -0.0369557 28.7612 0.252658 0.0263366 0.967197 -282.147 
587 0.966953 -0.0430217 -0.2513 101.389 0.0349213 0.998719 -0.0366073 28.6457 0.252553 0.0266218 0.967217 -283.11 
589 0.96717 -0.0396243 -0.251021 101.367 0.0315375 0.998848 -0.0361585 28.4731 0.252165 0.0270549 0.967306 -284.09 
591 0.967317 -0.0353877 -0.251088 101.462 0.0271696 0.998978 -0.0361223 28.3964 0.252109 0.0281198 0.96729 -285.017 
593 0.96768 -0.0315048 -0.250207 101.269 0.0228948 0.999044 -0.0372488 28.6765 0.251141 0.0303165 0.967476 -286.009 
595 0.968077 -0.031024 -0.248725 100.842 0.0221406 0.999016 -0.0384349 29.0688 0.249673 0.0317011 0.967811 -287.071 
597 0.968314 -0.0304893 -0.247866 100.599 0.0216778 0.999035 -0.0382017 29.039 0.248792 0.0316181 0.968041 -288.102 
599 0.968191 -0.0326187 -0.248078 100.633 0.0239735 0.998998 -0.0377906 29.0237 0.249063 0.0306412 0.968003 -289.032 
601 0.968321 -0.0300279 -0.247897 100.624 0.0220814 0.999151 -0.0347746 28.1075 0.248731 0.028199 0.968162 -290.056 
603 0.968482 -0.0278092 -0.247525 100.55 0.0203566 0.999261 -0.0326173 27.4556 0.248249 0.0265505 0.968332 -291.076 
605 0.968437 -0.026615 -0.247832 100.666 0.0190465 0.999278 -0.0328868 27.5567 0.248528 0.0271285 0.968245 -291.962 
607 0.968365 -0.0270615 -0.248065 100.699 0.0191108 0.999225 -0.0344037 28.0742 0.248804 0.0285746 0.968132 -292.683 
609 0.968515 -0.0263271 -0.247558 100.595 0.0178885 0.999182 -0.0362755 28.6786 0.248311 0.030705 0.968194 -293.736 
611 0.968568 -0.0261346 -0.247371 100.544 0.0178275 0.999201 -0.0357626 28.5728 0.248108 0.0302286 0.968261 -294.684 
613 0.968601 -0.0276993 -0.247073 100.428 0.0193222 0.999155 -0.0362663 28.8213 0.247868 0.0303536 0.968318 -295.621 
615 0.968602 -0.0308425 -0.246698 100.263 0.0223017 0.999054 -0.0373408 29.2818 0.247616 0.0306666 0.968373 -296.557 
617 0.968492 -0.0332305 -0.246819 100.231 0.024443 0.998956 -0.0385827 29.7605 0.247843 0.031334 0.968293 -297.425 
619 0.968594 -0.0369638 -0.245885 99.9152 0.0277565 0.998781 -0.040808 30.5993 0.247093 0.0327015 0.96844 -298.4 
621 0.968424 -0.0423524 -0.245686 99.7661 0.0327058 0.99853 -0.0432138 31.521 0.247155 0.0338139 0.968386 -299.289 
623 0.968396 -0.0487603 -0.244607 99.3273 0.0384942 0.998173 -0.0465794 32.7637 0.246431 0.0356914 0.968503 -300.241 
625 0.968434 -0.0564934 -0.242784 98.5973 0.0460106 0.997756 -0.0486375 33.627 0.244987 0.0359316 0.96886 -301.366 
627 0.969024 -0.0491746 -0.242023 98.532 0.041557 0.99847 -0.0364826 29.7434 0.243446 0.0252948 0.969584 -302.692 
629 0.969078 -0.0503008 -0.241573 98.375 0.0446444 0.998587 -0.0288352 27.4269 0.242682 0.0171587 0.969954 -303.892 
631 0.968846 -0.0539797 -0.241708 98.363 0.0480276 0.998382 -0.0304537 28.0553 0.242961 0.0178962 0.969871 -304.782 
633 0.969581 -0.0531523 -0.238932 97.5154 0.0450046 0.998208 -0.0394317 30.985 0.2406 0.0274792 0.970235 -307.052 
635 0.970133 -0.0448573 -0.238392 97.4902 0.036926 0.998609 -0.0376345 30.2188 0.239748 0.0277076 0.97044 -306.75 
637 0.970552 -0.0416081 -0.237271 97.2009 0.0354575 0.998917 -0.0301333 27.8288 0.238268 0.0208328 0.970976 -308.009 
639 0.97078 -0.0419806 -0.236271 96.8861 0.0367319 0.998972 -0.0265747 26.7536 0.237144 0.0171195 0.971324 -309.17 
641 0.971241 -0.0415287 -0.234451 96.418 0.0360373 0.998968 -0.02766 27.2454 0.235357 0.0184156 0.971734 -312.003 
643 0.971629 -0.0401606 -0.233076 95.9075 0.0339729 0.998957 -0.0305037 28.0827 0.234058 0.02172 0.97198 -311.567 
645 0.972131 -0.0381863 -0.231305 95.3828 0.0323264 0.999054 -0.0290724 27.6692 0.232197 0.0207849 0.972447 -313.225 
647 0.972611 -0.0365304 -0.22955 94.8701 0.031143 0.999149 -0.0270498 27.0788 0.230343 0.0191601 0.972921 -315.181 
649 0.973275 -0.0354481 -0.226891 94.1352 0.0300299 0.999176 -0.0272886 27.2926 0.227672 0.0197458 0.973538 -317.882 
651 0.973356 -0.0355243 -0.226531 93.9527 0.029674 0.999134 -0.0291797 27.9163 0.227371 0.0216801 0.973567 -318.493 
653 0.974043 -0.0354325 -0.223575 93.0176 0.0291937 0.999088 -0.0311497 28.6676 0.224475 0.0238141 0.974189 -320.566 
655 0.974656 -0.0345105 -0.221032 92.1931 0.0284783 0.999131 -0.0304207 28.4009 0.22189 0.0233551 0.974792 -320.282 
657 0.975044 -0.0328234 -0.219573 91.7778 0.0270363 0.999205 -0.0293101 28.1823 0.22036 0.0226422 0.975156 -324.009 
659 0.975277 -0.0338663 -0.218375 91.3944 0.0273036 0.999082 -0.0330009 29.5165 0.219292 0.0262226 0.975307 -325.635 
661 0.975814 -0.0340593 -0.215934 90.6011 0.0269172 0.998992 -0.0359312 30.5778 0.21694 0.0292499 0.975747 -327.031 
663 0.976216 -0.0348366 -0.213982 89.8776 0.0274933 0.99893 -0.0371989 30.9543 0.215049 0.030431 0.976129 -326.404 
665 0.976522 -0.0338938 -0.212733 89.5642 0.0270966 0.999027 -0.0347874 30.3069 0.213705 0.0282063 0.976491 -329.288 
667 0.976935 -0.034161 -0.210786 88.9153 0.0275689 0.999037 -0.0341346 30.1416 0.211749 0.0275361 0.976936 -330.416 
669 0.977414 -0.034911 -0.208431 88.0644 0.0283276 0.999004 -0.034488 30.2591 0.209427 0.0278047 0.977429 -330.993 
671 0.977673 -0.0380986 -0.206649 87.4702 0.0309856 0.998814 -0.0375502 31.4836 0.207835 0.0303087 0.977694 -332.927 
673 0.977987 -0.0383323 -0.205113 86.957 0.0309976 0.998764 -0.0388552 31.9837 0.206348 0.0316419 0.977967 -334.049 
675 0.978452 -0.0401455 -0.202532 86.048 0.0327547 0.998674 -0.0397139 32.3855 0.203858 0.0322243 0.97847 -335.494 
677 0.978696 -0.0420283 -0.200966 85.4838 0.0348558 0.998627 -0.039098 32.2566 0.202334 0.0312602 0.978818 -336.575 
679 0.978863 -0.0447701 -0.199556 84.9572 0.0374761 0.998489 -0.0401817 32.7227 0.201054 0.0318538 0.979062 -337.576 
681 0.978697 -0.0520007 -0.198615 84.5163 0.0439781 0.998037 -0.0445956 34.52 0.200544 0.0349109 0.979062 -340.245 
683 0.978923 -0.0517539 -0.197562 84.1576 0.0440004 0.998087 -0.0434388 34.0597 0.199432 0.0338304 0.979328 -339.46 
685 0.979135 -0.0497797 -0.197017 84.0091 0.0428935 0.998315 -0.0390689 32.565 0.19863 0.029803 0.979621 -340.541 
687 0.978772 -0.0531809 -0.197931 84.27 0.0466703 0.998209 -0.0374178 32.0881 0.199567 0.027386 0.979502 -341.437 
689 0.978513 -0.0563703 -0.198327 84.3565 0.0491156 0.997938 -0.0413144 33.5418 0.200247 0.0306858 0.979265 -342.19 
691 0.978378 -0.0592691 -0.198149 84.2447 0.0511153 0.997632 -0.0460193 35.2869 0.200407 0.0348958 0.979091 -343.003 
693 0.977854 -0.0679183 -0.197961 84.0207 0.0588906 0.996953 -0.0511461 37.2604 0.200832 0.0383554 0.978875 -343.842 
695 0.97813 -0.0652264 -0.1975 83.9369 0.0570365 0.997271 -0.046882 35.8401 0.200019 0.034592 0.979181 -345.701 
697 0.977955 -0.0643547 -0.198651 84.3467 0.0578358 0.997585 -0.0384516 32.8998 0.200646 0.0261148 0.979316 -347.084 
699 0.977761 -0.0614682 -0.200512 85.0962 0.0567401 0.99796 -0.0292483 29.7145 0.201901 0.0172208 0.979255 -349.671 
701 0.977889 -0.0612126 -0.199966 84.8985 0.0561644 0.997946 -0.0308268 30.2998 0.201442 0.0189142 0.979318 -350.187 
702 0.977918 -0.0593887 -0.200371 85.0877 0.0538773 0.998007 -0.0328527 31.0401 0.201923 0.0213318 0.979169 -350.893 
703 0.976542 -0.0665856 -0.204772 86.4171 0.0598433 0.997448 -0.0389511 33.2758 0.206843 0.0257831 0.978034 -349.732 
705 0.978064 -0.0543773 -0.201084 85.4614 0.0475378 0.99812 -0.0386909 33.1786 0.20281 0.0282831 0.97881 -352.456 
707 0.97802 -0.0517944 -0.201975 85.8392 0.0454834 0.998325 -0.0357664 32.1399 0.20349 0.0257937 0.978737 -353.178 
709 0.977392 -0.0577481 -0.203398 86.2382 0.0519008 0.998074 -0.0339699 31.6179 0.204968 0.0226453 0.978507 -354.26 
711 0.977915 -0.0495162 -0.203051 86.2898 0.0440213 0.998534 -0.0314919 30.6826 0.204313 0.0218578 0.978662 -355.482 
713 0.977251 -0.0500546 -0.206092 87.1631 0.0440329 0.998461 -0.0337053 31.4985 0.207462 0.0238637 0.977952 -355.581 
715 0.978405 -0.0486633 -0.200889 85.5559 0.0428219 0.998527 -0.0333245 31.4557 0.202215 0.0240024 0.979047 -357.714 
717 0.978096 -0.0399522 -0.204286 86.9631 0.0342668 0.998923 -0.0312944 30.6757 0.205316 0.0236087 0.978411 -358.838 
719 0.978249 -0.0639656 -0.197325 82.9937 0.0538284 0.996961 -0.0563213 41.095 0.200328 0.0444746 0.978719 -362.724 
720 0.983949 -0.0639942 -0.166579 70.1488 0.0564134 0.997162 -0.0498543 38.5611 0.169297 0.0396567 0.984767 -366.326 
722 0.983101 -0.0737014 -0.167572 70.3865 0.065318 0.996347 -0.0550089 40.7317 0.171014 0.0431339 0.984324 -368.117 
725 0.98364 -0.0668926 -0.167268 70.295 0.0590861 0.996938 -0.0512251 39.2581 0.170182 0.0405038 0.98458 -369.491 
