0 1 -1.19065e-05 3.44887e-06 2.86229e-05 1.19066e-05 1 -1.32897e-05 4.38632e-05 -3.44871e-06 1.32897e-05 1 -3.12766e-05 
7 0.999946 0.0017267 0.010282 -0.0158822 -0.00172106 0.999998 -0.000557592 0.155497 -0.010283 0.000539865 0.999947 -10.7044 
9 0.999922 0.00071763 0.0124302 -0.0203075 -0.000710776 1 -0.000555787 0.197126 -0.0124306 0.000546908 0.999923 -13.7359 
10 0.999913 -0.000774727 0.0131976 -0.0263276 0.00078796 0.999999 -0.000997517 0.225155 -0.0131968 0.00100783 0.999912 -15.1801 
12 0.999894 -0.00295462 0.0142243 -0.0183582 0.00299243 0.999992 -0.00263738 0.295429 -0.0142164 0.00267966 0.999895 -18.1755 
13 0.999888 -0.00274462 0.0147331 -0.0224354 0.00278296 0.999993 -0.00258246 0.316844 -0.0147259 0.00262318 0.999888 -19.638 
14 0.999879 -0.00355465 0.0151746 -0.0245028 0.00359597 0.99999 -0.00269623 0.341967 -0.0151649 0.00275047 0.999881 -21.0864 
15 0.999875 -0.00413019 0.0152559 -0.0201781 0.00418052 0.999986 -0.00326851 0.378468 -0.0152422 0.00333188 0.999878 -22.5451 
16 0.999872 -0.00500298 0.0151735 -0.00857362 0.00507218 0.999977 -0.00452556 0.431435 -0.0151505 0.00460194 0.999875 -24.0043 
17 0.999869 -0.00538458 0.0152426 -0.00335923 0.00543273 0.99998 -0.00311936 0.419612 -0.0152255 0.00320176 0.999879 -25.4569 
18 0.999867 -0.00571889 0.0152516 0.00130227 0.00573529 0.999983 -0.00103187 0.38347 -0.0152454 0.00111921 0.999883 -26.8783 
19 0.999883 -0.00384845 0.0147901 0.0199698 0.00386167 0.999992 -0.00086492 0.400226 -0.0147867 0.000921934 0.99989 -28.3232 
20 0.999891 -0.00283047 0.0145008 0.0355291 0.00288321 0.999989 -0.00361723 0.501968 -0.0144904 0.00365865 0.999888 -29.7513 
21 0.999895 -0.00110483 0.0144765 0.0414253 0.00117574 0.999987 -0.00489077 0.566133 -0.0144709 0.00490728 0.999883 -31.1652 
22 0.999897 -0.000196657 0.0143476 0.0516427 0.000257214 0.999991 -0.00421897 0.565071 -0.0143466 0.00422223 0.999888 -32.5689 
23 0.999903 -0.000327461 0.0139296 0.0694292 0.000359538 0.999997 -0.00230032 0.521907 -0.0139288 0.00230511 0.9999 -33.9599 
24 0.999912 -0.00125873 0.0131803 0.110428 0.00127957 0.999998 -0.00157288 0.519843 -0.0131783 0.00158961 0.999912 -35.331 
25 0.999922 -0.001922 0.0123556 0.147798 0.00192963 0.999998 -0.000605796 0.50805 -0.0123544 0.00062959 0.999923 -36.6939 
26 0.999936 -0.00241238 0.0110543 0.201148 0.00243158 0.999996 -0.00172419 0.574717 -0.0110501 0.00175096 0.999937 -38.0346 
27 0.999949 -0.00282423 0.00964567 0.264298 0.00286061 0.999989 -0.00375991 0.678415 -0.00963495 0.00378731 0.999946 -39.3601 
28 0.999965 -0.00219878 0.00806934 0.327714 0.00223776 0.999986 -0.00482459 0.746869 -0.00805862 0.00484248 0.999956 -40.6672 
29 0.999981 -0.00263325 0.00558437 0.437141 0.00266382 0.999981 -0.00547525 0.798969 -0.00556984 0.00549002 0.999969 -41.9576 
30 0.999995 -0.00238155 0.00221195 0.585794 0.00239243 0.999985 -0.00492717 0.800845 -0.00220019 0.00493243 0.999985 -43.2187 
31 0.999998 -0.00171081 -0.00138425 0.749112 0.00170648 0.999994 -0.00312117 0.743739 0.00138958 0.0031188 0.999994 -44.4682 
32 0.999987 -0.00164573 -0.00483673 0.910387 0.00163915 0.999998 -0.00136535 0.686235 0.00483896 0.0013574 0.999987 -45.692 
33 0.999958 -0.00180351 -0.0089754 1.10983 0.00178526 0.999996 -0.00204184 0.740389 0.00897905 0.00202573 0.999958 -46.9092 
34 0.999895 -0.00215234 -0.0143215 1.37089 0.00212516 0.999996 -0.0019124 0.757417 0.0143255 0.00188176 0.999896 -48.1077 
35 0.999775 -0.00375953 -0.0208792 1.69588 0.00373759 0.999992 -0.00108945 0.738027 0.0208831 0.00101116 0.999781 -49.2998 
36 0.999588 -0.00509988 -0.028246 2.06763 0.00506793 0.999986 -0.00120246 0.764588 0.0282518 0.00105881 0.9996 -50.4636 
37 0.999307 -0.00621917 -0.0367059 2.50473 0.00613772 0.999978 -0.00233124 0.84503 0.0367196 0.00210434 0.999323 -51.6129 
38 0.998855 -0.00856702 -0.0470699 3.05241 0.00842304 0.999959 -0.00325631 0.918581 0.0470959 0.00285611 0.998886 -52.7401 
39 0.998139 -0.0109246 -0.0599998 3.74572 0.0107333 0.999936 -0.00351071 0.954077 0.0600344 0.00286018 0.998192 -53.8346 
40 0.997137 -0.0128698 -0.0745105 4.53623 0.0126011 0.999912 -0.00407481 0.999217 0.0745564 0.00312423 0.997212 -54.9125 
42 0.993933 -0.0157854 -0.108852 6.47689 0.015103 0.999861 -0.00709127 1.21727 0.108949 0.00540425 0.994033 -56.952 
43 0.991663 -0.0152612 -0.127955 7.58142 0.0145597 0.999873 -0.00641568 1.19815 0.128037 0.0044992 0.991759 -57.9199 
44 0.988854 -0.0144813 -0.148185 8.77025 0.0137924 0.999889 -0.00567542 1.1716 0.148251 0.00356834 0.988943 -58.8555 
45 0.985536 -0.0116694 -0.169061 10.0218 0.0109528 0.999927 -0.00517064 1.15613 0.169109 0.00324415 0.985592 -59.7299 
46 0.981618 -0.00703226 -0.190725 11.3401 0.00589314 0.999961 -0.00653911 1.25843 0.190764 0.00529494 0.981622 -60.5611 
47 0.976918 -0.00206643 -0.213607 12.7544 0.000587357 0.999975 -0.0069875 1.30856 0.213616 0.00670075 0.976895 -61.3253 
48 0.971409 0.00318021 -0.23739 14.2519 -0.00456979 0.999975 -0.0053035 1.22543 0.237367 0.00623669 0.9714 -62.0321 
49 0.964928 0.00961734 -0.26234 15.8477 -0.0104467 0.999944 -0.00176681 1.02328 0.262308 0.00444543 0.964974 -62.6689 
51 0.948617 0.0151532 -0.316065 19.3753 -0.0167604 0.999857 -0.0023672 1.10647 0.315983 0.00754294 0.948735 -63.6945 
52 0.938854 0.018679 -0.343807 21.2323 -0.0210335 0.999774 -0.00311997 1.18317 0.343671 0.0101607 0.939035 -64.0666 
53 0.927856 0.0220034 -0.372288 23.1907 -0.0240934 0.999709 -0.000962168 1.06655 0.372159 0.00986245 0.928117 -64.4011 
55 0.902597 0.0268849 -0.429646 27.21 -0.0245493 0.999638 0.0109788 0.269342 0.429785 0.000638045 0.902931 -64.7618 
56 0.888383 0.0305428 -0.458086 29.2494 -0.0263222 0.999532 0.015596 -0.0384278 0.458348 -0.0017974 0.888771 -64.8148 
58 0.854977 0.0260022 -0.518013 33.6606 -0.0259772 0.999636 0.0073024 0.586214 0.518014 0.00721317 0.855341 -64.5866 
59 0.835184 0.0239959 -0.549448 36.0231 -0.0260383 0.999653 0.00407831 0.841702 0.549355 0.0109005 0.835518 -64.2104 
61 0.791947 0.0175329 -0.610338 40.7841 -0.0132301 0.999846 0.0115552 0.242279 0.610446 -0.00107629 0.792057 -63.2403 
62 0.769358 0.0167319 -0.638599 43.0473 -0.0108433 0.999855 0.0131336 0.115217 0.638726 -0.00317987 0.769427 -62.6543 
63 0.746058 0.0178985 -0.665641 45.2393 -0.0133493 0.99984 0.0119227 0.237001 0.665747 -9.17042e-06 0.746177 -61.998 
64 0.721621 0.018191 -0.692049 47.45 -0.0136227 0.999834 0.0120765 0.245569 0.692154 0.000712917 0.721749 -61.27 
65 0.6962 0.0189861 -0.717596 49.627 -0.0117863 0.999818 0.0150182 0.0178659 0.717751 -0.00199784 0.696297 -60.4363 
66 0.670083 0.0190329 -0.742042 51.7547 -0.00941012 0.999809 0.0171469 -0.160713 0.742226 -0.00450714 0.670134 -59.537 
67 0.643078 0.017356 -0.765604 53.855 -0.00701669 0.999835 0.0167722 -0.143985 0.765769 -0.00541382 0.643093 -58.5628 
68 0.614922 0.0174332 -0.788395 55.9398 -0.00560624 0.999827 0.0177358 -0.221863 0.788568 -0.00648622 0.614914 -57.4908 
69 0.586277 0.0159154 -0.809954 57.9639 0.00106457 0.999791 0.0204162 -0.498035 0.81011 -0.0128318 0.586138 -56.3646 
70 0.556225 0.0151673 -0.830894 59.9931 0.0100828 0.999637 0.0249973 -0.968065 0.830971 -0.0222818 0.55587 -55.1178 
71 0.525501 0.0139012 -0.85068 61.9674 0.0186745 0.999437 0.0278682 -1.30993 0.850588 -0.0305307 0.524945 -53.8177 
72 0.493584 0.0114447 -0.869623 63.9261 0.0234531 0.999375 0.0264639 -1.25465 0.869382 -0.0334575 0.493007 -52.4127 
73 0.46111 0.00950087 -0.887292 65.8223 0.022983 0.999479 0.022646 -0.928481 0.887045 -0.0308349 0.460652 -50.9736 
74 0.42781 0.00491832 -0.903855 67.6781 0.0216797 0.999642 0.0157009 -0.326863 0.903609 -0.0263123 0.42755 -49.46 
75 0.393369 0.000873882 -0.91938 69.5056 0.0229471 0.999679 0.0107684 0.0706109 0.919094 -0.0253331 0.393223 -47.8342 
76 0.357825 -0.00611135 -0.933769 71.2915 0.0258336 0.999661 0.00335697 0.645093 0.933431 -0.0253238 0.357862 -46.1135 
77 0.321821 -0.0109667 -0.946737 73.0083 0.0277967 0.999611 -0.00213028 1.07324 0.946392 -0.0256306 0.322001 -44.3374 
78 0.285936 -0.013577 -0.958153 74.6299 0.0272823 0.99961 -0.00602274 1.41604 0.95786 -0.0244185 0.286195 -42.5447 
79 0.250016 -0.0141817 -0.968138 76.1756 0.0267703 0.999612 -0.00772947 1.57774 0.967872 -0.0239848 0.250299 -40.6996 
80 0.214316 -0.0135618 -0.97667 77.6119 0.0260752 0.999627 -0.00815874 1.64104 0.976416 -0.0237184 0.214589 -38.8645 
81 0.179042 -0.0113384 -0.983776 78.9647 0.024886 0.999666 -0.00699242 1.57391 0.983527 -0.0232303 0.179264 -37.0223 
82 0.144343 -0.00307963 -0.989523 80.2293 0.0240584 0.99971 0.000398095 0.976393 0.989235 -0.0238638 0.144375 -35.2023 
83 0.110782 -0.000865071 -0.993844 81.37 0.027484 0.99962 0.00219348 0.756193 0.993465 -0.0275578 0.110763 -33.4551 
84 0.0781868 -3.93699e-05 -0.996939 82.426 0.0324739 0.999469 0.00250735 0.611988 0.99641 -0.0325705 0.0781466 -31.7614 
85 0.0490154 0.00681542 -0.998775 83.3222 0.0363068 0.999304 0.0086008 0.00305767 0.998138 -0.0366839 0.0487339 -30.3183 
86 0.0234908 0.00850939 -0.999688 84.0701 0.034537 0.99936 0.00931815 -0.00548532 0.999127 -0.0347451 0.0231818 -29.1762 
87 0.00110695 0.0105446 -0.999944 84.7068 0.031614 0.999444 0.0105743 -0.024943 0.9995 -0.0316239 0.00077298 -28.2943 
88 -0.0178274 0.0109309 -0.999781 85.2284 0.0290766 0.999523 0.0104096 0.0749703 0.999418 -0.0288846 -0.0181368 -27.7074 
89 -0.0341696 0.0127595 -0.999335 85.681 0.0321622 0.999415 0.0116608 -0.11516 0.998898 -0.0317423 -0.03456 -27.3072 
90 -0.0487008 0.0157119 -0.99869 86.0618 0.0366366 0.999232 0.0139339 -0.442182 0.998141 -0.03591 -0.049239 -27.0762 
91 -0.0606221 0.0201288 -0.997958 86.3781 0.0418871 0.998967 0.0176047 -0.913236 0.997282 -0.0407343 -0.0614026 -27.0436 
92 -0.0692203 0.025591 -0.997273 86.6087 0.0453994 0.998716 0.0224769 -1.43317 0.996568 -0.0437197 -0.0702932 -27.3031 
93 -0.0751121 0.0296218 -0.996735 86.7543 0.0506863 0.99838 0.025851 -1.89013 0.995886 -0.048579 -0.0764919 -27.7874 
94 -0.078606 0.031463 -0.996409 86.8526 0.0554084 0.998095 0.0271451 -2.15643 0.995365 -0.0530756 -0.0801996 -28.5011 
95 -0.0812382 0.0336359 -0.996127 86.9225 0.0595175 0.997811 0.0288389 -2.4396 0.994916 -0.0569442 -0.0830622 -29.2829 
96 -0.083872 0.0340198 -0.995896 86.9907 0.0623721 0.997637 0.0288265 -2.53862 0.994523 -0.0596984 -0.0857957 -30.0678 
98 -0.088074 0.0361599 -0.995457 87.12 0.0695635 0.997124 0.0300657 -2.90431 0.993682 -0.0665995 -0.0903362 -31.759 
99 -0.0900505 0.0388946 -0.995177 87.1859 0.0711511 0.996935 0.032525 -3.17193 0.993392 -0.0678791 -0.0925419 -32.5807 
101 -0.0942738 0.0383092 -0.994809 87.3187 0.0693271 0.997086 0.031827 -3.0193 0.993129 -0.0659668 -0.096655 -34.3636 
102 -0.0966296 0.0385218 -0.994575 87.4435 0.0708096 0.996985 0.0317356 -3.07374 0.992798 -0.0673588 -0.099066 -35.204 
103 -0.0990112 0.0372758 -0.994388 87.5023 0.0729394 0.996882 0.0301067 -3.02505 0.99241 -0.0695491 -0.101421 -36.0234 
104 -0.101861 0.0356414 -0.99416 87.6161 0.0752109 0.996774 0.028029 -2.94974 0.991951 -0.0719166 -0.104213 -36.8262 
105 -0.10429 0.0331532 -0.993994 87.7139 0.0788852 0.996571 0.0249625 -2.86066 0.991413 -0.0758081 -0.106548 -37.6775 
106 -0.106504 0.0300052 -0.993859 87.8042 0.0829184 0.996331 0.0211942 -2.73308 0.990849 -0.0801519 -0.108601 -38.5568 
107 -0.108875 0.0279291 -0.993663 87.8971 0.0852521 0.996185 0.018659 -2.63277 0.990393 -0.0826804 -0.11084 -39.4315 
108 -0.111607 0.0258763 -0.993415 88.0008 0.0838696 0.99634 0.0165299 -2.38263 0.990207 -0.0814725 -0.113369 -40.2742 
109 -0.114802 0.022896 -0.993125 88.1443 0.0796337 0.996729 0.0137737 -1.93326 0.990191 -0.0775049 -0.11625 -41.1163 
110 -0.117181 0.0230813 -0.992842 88.2465 0.0779792 0.996857 0.0139711 -1.85469 0.990044 -0.0757839 -0.118612 -41.986 
111 -0.118936 0.0222372 -0.992653 88.3533 0.0783232 0.996844 0.0129467 -1.78315 0.989808 -0.0762079 -0.120302 -42.9432 
112 -0.120093 0.0235658 -0.992483 88.3801 0.081335 0.996591 0.0138216 -2.01298 0.989425 -0.0790638 -0.1216 -43.9092 
113 -0.121133 0.0243096 -0.992339 88.4421 0.0844162 0.996331 0.0141028 -2.1987 0.98904 -0.0820611 -0.122741 -45.0308 
114 -0.121395 0.022975 -0.992338 88.4503 0.0847354 0.996323 0.0127014 -2.09804 0.988981 -0.0825443 -0.122895 -45.9625 
115 -0.121095 0.0197599 -0.992444 88.4668 0.0833379 0.996474 0.00967154 -1.76712 0.989136 -0.0815371 -0.122314 -47.1935 
116 -0.121128 0.0158994 -0.99251 88.4637 0.0827257 0.996555 0.00586823 -1.41148 0.989184 -0.0813952 -0.122026 -48.3077 
117 -0.121585 0.0121715 -0.992506 88.4621 0.0840022 0.996464 0.00192957 -1.15931 0.98902 -0.0831381 -0.122177 -49.3854 
118 -0.121808 0.00795376 -0.992522 88.4833 0.0840794 0.996456 -0.00233342 -0.810666 0.988986 -0.0837349 -0.122045 -50.4885 
119 -0.122101 0.00457445 -0.992507 88.4936 0.0835683 0.996486 -0.00568801 -0.497889 0.988993 -0.0836367 -0.122054 -51.6002 
120 -0.122396 0.0049118 -0.992469 88.5123 0.0784828 0.996904 -0.00474512 -0.252321 0.989373 -0.0784725 -0.122403 -52.7034 
121 -0.122627 0.0081509 -0.992419 88.5372 0.0698779 0.997555 -0.00044131 -0.0440148 0.98999 -0.0694023 -0.122897 -53.8011 
122 -0.12256 0.013506 -0.992369 88.5381 0.0645571 0.997898 0.00560826 -0.180668 0.990359 -0.0633772 -0.123174 -54.9187 
123 -0.121891 0.0218769 -0.992302 88.5278 0.0669536 0.997661 0.0137707 -0.993925 0.990283 -0.0647597 -0.12307 -56.0523 
124 -0.120775 0.0274722 -0.9923 88.4714 0.0726894 0.997178 0.01876 -1.78165 0.990015 -0.0698639 -0.122431 -57.2444 
125 -0.119744 0.0311075 -0.992317 88.4175 0.0784636 0.996679 0.0217759 -2.41631 0.989699 -0.0752532 -0.121787 -58.4445 
126 -0.119143 0.0316229 -0.992373 88.4014 0.0828006 0.996327 0.021808 -2.71664 0.989419 -0.0795709 -0.121323 -59.6556 
127 -0.119407 0.0286093 -0.992433 88.4022 0.0799565 0.996615 0.0191097 -2.29582 0.989621 -0.0770696 -0.12129 -60.7809 
128 -0.11917 0.0278513 -0.992483 88.392 0.0753465 0.996978 0.0189303 -1.94316 0.990011 -0.0725242 -0.120909 -61.9714 
129 -0.118767 0.0254753 -0.992595 88.3685 0.0732306 0.997173 0.0168305 -1.61492 0.990218 -0.0706894 -0.120297 -63.1893 
130 -0.118464 0.0235605 -0.992679 88.352 0.0741416 0.997138 0.0148184 -1.5168 0.990186 -0.0718433 -0.119872 -64.3767 
131 -0.118199 0.0244663 -0.992688 88.3549 0.0792808 0.996738 0.0151262 -1.92165 0.98982 -0.0769132 -0.119753 -65.5689 
133 -0.117156 0.0243588 -0.992815 88.2731 0.0809237 0.996609 0.0149026 -2.02245 0.989811 -0.0785963 -0.11873 -67.9732 
134 -0.116366 0.025835 -0.99287 88.2219 0.0741243 0.9971 0.0172575 -1.66543 0.990437 -0.0715877 -0.117944 -69.2324 
135 -0.116535 0.0251241 -0.992869 88.2372 0.0726195 0.99722 0.0167107 -1.49587 0.990528 -0.0701543 -0.118036 -70.4142 
136 -0.116216 0.0226355 -0.992966 88.212 0.0757039 0.997034 0.0138679 -1.51558 0.990335 -0.0735598 -0.117585 -71.6383 
137 -0.11629 0.0221706 -0.992968 88.2404 0.0787345 0.99681 0.0130355 -1.69472 0.99009 -0.0766649 -0.117665 -72.7956 
138 -0.115881 0.0212756 -0.993035 88.1993 0.0782491 0.996859 0.0122263 -1.58774 0.990176 -0.0762873 -0.117182 -74.0455 
139 -0.115578 0.0210186 -0.993076 88.1843 0.0746638 0.997131 0.0124148 -1.28905 0.990488 -0.072712 -0.116815 -75.2691 
140 -0.11509 0.0215345 -0.993122 88.175 0.073503 0.997209 0.0131051 -1.23581 0.990632 -0.0714892 -0.116352 -76.5397 
141 -0.11375 0.023195 -0.993239 88.0667 0.0738322 0.99716 0.014831 -1.39118 0.990762 -0.0716459 -0.115139 -77.806 
142 -0.113018 0.0257079 -0.99326 88.0232 0.0741549 0.997095 0.0173694 -1.61319 0.990822 -0.071692 -0.114596 -79.0559 
143 -0.112136 0.0252362 -0.993372 87.9583 0.0735101 0.997149 0.0170339 -1.52174 0.99097 -0.0711127 -0.113672 -80.342 
144 -0.110846 0.0263525 -0.993488 87.8674 0.0743204 0.997069 0.0181553 -1.67796 0.991055 -0.071824 -0.11248 -81.6483 
145 -0.109756 0.0266289 -0.993602 87.7863 0.0725159 0.997192 0.0187148 -1.5486 0.99131 -0.0699978 -0.111379 -82.9568 
146 -0.108436 0.0251088 -0.993786 87.7011 0.0717866 0.997269 0.0173639 -1.36924 0.991508 -0.0694577 -0.109942 -84.4005 
147 -0.107229 0.026307 -0.993886 87.5852 0.0710526 0.997297 0.0187315 -1.40043 0.991692 -0.0686097 -0.108808 -85.6297 
148 -0.1055 0.0243572 -0.994121 87.4388 0.071874 0.997272 0.0168069 -1.32197 0.991818 -0.0696784 -0.106963 -87.0261 
149 -0.104111 0.0249165 -0.994254 87.3487 0.0745921 0.997066 0.0171762 -1.6086 0.991765 -0.0723752 -0.105664 -88.4569 
150 -0.103092 0.0228122 -0.99441 87.2345 0.0734331 0.997183 0.015263 -1.34227 0.991958 -0.0714491 -0.104476 -89.7295 
151 -0.10241 0.0191706 -0.994558 87.1617 0.0721017 0.997327 0.0117997 -0.932038 0.992126 -0.0705009 -0.103518 -91.0731 
152 -0.102423 0.0165244 -0.994604 87.1582 0.0731487 0.99728 0.00903616 -0.819337 0.992048 -0.0718284 -0.103353 -92.3419 
153 -0.10297 0.0137642 -0.994589 87.2256 0.072583 0.997343 0.00628776 -0.544874 0.992033 -0.0715428 -0.103695 -93.5763 
154 -0.104104 0.0109545 -0.994506 87.3018 0.0699936 0.997541 0.00366107 -0.0656012 0.9921 -0.0692279 -0.104615 -94.7811 
155 -0.105372 0.00890403 -0.994393 87.4273 0.0684262 0.997655 0.00168236 0.258741 0.992076 -0.0678653 -0.105734 -95.9656 
156 -0.106938 0.00706348 -0.994241 87.58 0.0677281 0.997704 -0.00019661 0.485415 0.991956 -0.067359 -0.107171 -97.1002 
157 -0.108424 0.00711838 -0.994079 87.7425 0.0679602 0.997688 -0.000268218 0.473655 0.991779 -0.0675869 -0.108657 -98.2154 
158 -0.11081 0.00654267 -0.99382 87.97 0.0666093 0.997779 -0.000858156 0.674054 0.991607 -0.0662927 -0.111 -99.2846 
159 -0.113872 0.00383622 -0.993488 88.2643 0.0618478 0.99808 -0.00323496 1.3867 0.991568 -0.0618134 -0.113891 -100.283 
160 -0.118034 0.00349983 -0.993003 88.6841 0.0617953 0.998082 -0.00382759 1.44978 0.991085 -0.0618147 -0.118024 -101.126 
161 -0.123717 -0.00192633 -0.992316 89.2404 0.0675439 0.997663 -0.0103578 1.3147 0.990016 -0.0683063 -0.123298 -101.943 
162 -0.131038 -0.000961682 -0.991377 90.0124 0.0705506 0.997455 -0.0102928 0.97729 0.988864 -0.071291 -0.130637 -102.528 
163 -0.140049 0.00083886 -0.990144 90.9589 0.0664981 0.99775 -0.00856041 1.32131 0.987909 -0.0670416 -0.13979 -102.944 
164 -0.150949 0.00286819 -0.988537 92.0997 0.0642087 0.997913 -0.00690924 1.47729 0.986454 -0.0645156 -0.150818 -103.11 
165 -0.163715 0.0031598 -0.986503 93.4365 0.0651454 0.997847 -0.00761509 1.43346 0.984354 -0.0655128 -0.163569 -103.196 
166 -0.178398 0.00506053 -0.983945 94.9831 0.0653949 0.997837 -0.00672468 1.34413 0.981783 -0.0655447 -0.178343 -103.003 
167 -0.192456 0.00568256 -0.981289 96.4561 0.0631732 0.997981 -0.00661068 1.61386 0.97927 -0.0632634 -0.192426 -102.841 
168 -0.207709 0.00991347 -0.97814 98.0722 0.0658646 0.997821 -0.00387345 1.09778 0.975971 -0.0652294 -0.207909 -102.515 
169 -0.22264 0.0103954 -0.974845 99.6383 0.0691463 0.997593 -0.00515402 0.804413 0.972445 -0.0685544 -0.222823 -102.233 
170 -0.237969 0.0102829 -0.971218 101.24 0.0729418 0.997309 -0.00731313 0.509475 0.96853 -0.0725827 -0.238079 -101.864 
171 -0.254097 0.00667422 -0.967156 102.899 0.070688 0.99743 -0.0116885 1.12295 0.964592 -0.0713363 -0.253916 -101.403 
172 -0.2702 0.00111901 -0.962804 104.542 0.0649262 0.997744 -0.0170612 2.25091 0.960613 -0.0671211 -0.269663 -100.924 
173 -0.285913 -0.00284621 -0.958251 106.155 0.0608969 0.99792 -0.0211339 3.07024 0.956319 -0.064397 -0.285145 -100.437 
174 -0.300909 -0.00478058 -0.953641 107.708 0.0622875 0.997754 -0.0246557 3.16132 0.951617 -0.0668191 -0.299935 -99.9828 
175 -0.315646 -0.00489036 -0.948864 109.245 0.0641523 0.997589 -0.0264822 3.06222 0.946706 -0.0692308 -0.314571 -99.5296 
176 -0.329439 -0.00327762 -0.944171 110.701 0.0663616 0.997441 -0.0266174 2.79656 0.941842 -0.0714255 -0.328378 -99.1278 
177 -0.343194 -0.00122238 -0.939264 112.16 0.0663021 0.997473 -0.025524 2.73645 0.936921 -0.0710349 -0.342246 -98.6655 
178 -0.357479 -0.00145726 -0.93392 113.649 0.0642222 0.997593 -0.0261391 3.06752 0.931711 -0.0693225 -0.356525 -98.16 
179 -0.371776 -0.00185041 -0.928321 115.142 0.062736 0.997662 -0.0271133 3.34776 0.9262 -0.0683192 -0.370791 -97.6036 
180 -0.386498 -0.00329271 -0.922285 116.672 0.0640423 0.997484 -0.0303991 3.41491 0.920064 -0.0708144 -0.385314 -96.9757 
181 -0.401259 -0.00236867 -0.915962 118.225 0.0661884 0.997307 -0.0315744 3.21464 0.91357 -0.0732956 -0.400022 -96.2852 
182 -0.416129 -0.00119983 -0.909305 119.793 0.0677583 0.997178 -0.0323243 3.06229 0.906778 -0.075064 -0.414873 -95.5323 
183 -0.430537 0.00190893 -0.902571 121.319 0.0705957 0.997005 -0.0315664 2.62851 0.899808 -0.0773081 -0.429383 -94.795 
184 -0.445394 0.00121577 -0.895334 122.871 0.0736724 0.996658 -0.0352959 2.46567 0.892298 -0.081682 -0.443995 -93.9862 
185 -0.460277 0.00246388 -0.887772 124.434 0.0760843 0.996426 -0.0366815 2.22657 0.884509 -0.0844292 -0.458819 -93.1229 
186 -0.475729 0.000980119 -0.879592 126.031 0.0732463 0.99657 -0.0385049 2.75382 0.876537 -0.0827447 -0.474169 -92.1682 
187 -0.491681 -0.00187049 -0.870774 127.658 0.0687896 0.996789 -0.0409831 3.55762 0.868054 -0.0800508 -0.489973 -91.0873 
188 -0.507657 -0.00223813 -0.861556 129.319 0.0689599 0.996683 -0.0432226 3.68774 0.858795 -0.0813551 -0.505819 -89.9705 
189 -0.5237 -0.00355127 -0.851895 130.97 0.0680435 0.996622 -0.0459841 4.00315 0.849181 -0.0820478 -0.52169 -88.7801 
190 -0.539466 -0.00420374 -0.841997 132.604 0.0668704 0.996615 -0.0478195 4.29717 0.839348 -0.0821016 -0.537359 -87.6058 
191 -0.555192 -0.00544807 -0.831704 134.204 0.0663363 0.996503 -0.0508094 4.57411 0.829073 -0.0833811 -0.552889 -86.3291 
192 -0.570637 -0.00601859 -0.82118 135.787 0.0654538 0.996458 -0.052787 4.8357 0.81859 -0.0838715 -0.568222 -85.0559 
193 -0.585833 -0.00654498 -0.810405 137.339 0.0626618 0.996608 -0.0533463 5.29054 0.808006 -0.0820335 -0.583436 -83.754 
194 -0.600855 -0.00632186 -0.799333 138.897 0.059263 0.996864 -0.0524318 5.74817 0.797159 -0.0788748 -0.598596 -82.4271 
195 -0.615738 -0.00537701 -0.787933 140.405 0.0575833 0.996996 -0.0518028 5.97126 0.785844 -0.0772687 -0.613579 -81.0417 
196 -0.630553 -0.00643941 -0.776119 141.9 0.055748 0.997007 -0.0535642 6.36268 0.774141 -0.0770422 -0.628307 -79.6397 
197 -0.645434 -0.00791015 -0.763775 143.393 0.0566975 0.996692 -0.0582351 6.50459 0.761708 -0.080891 -0.642851 -78.2045 
198 -0.660644 -0.00995353 -0.750634 144.912 0.0561197 0.996459 -0.062605 6.85168 0.748599 -0.083485 -0.657746 -76.6267 
199 -0.676491 -0.0114467 -0.736362 146.489 0.0529707 0.996533 -0.0641548 7.43223 0.734544 -0.0824057 -0.673539 -74.8384 
200 -0.692415 -0.0153135 -0.721337 148.012 0.0452762 0.996882 -0.064624 8.65525 0.720077 -0.077406 -0.689563 -72.8136 
201 -0.709478 -0.015914 -0.704547 149.748 0.0428223 0.996924 -0.06564 9.10843 0.703425 -0.0767405 -0.706615 -70.6782 
202 -0.726643 -0.0177416 -0.686786 151.422 0.0400698 0.99687 -0.0681472 9.68185 0.685846 -0.0770381 -0.723658 -68.2692 
203 -0.7443 -0.0211809 -0.667509 153.109 0.0360669 0.996764 -0.0718447 10.5211 0.666871 -0.077549 -0.741127 -65.6678 
204 -0.760747 -0.0206531 -0.648719 154.716 0.0341642 0.996834 -0.0717999 10.8288 0.648148 -0.0767846 -0.757633 -63.0889 
205 -0.776881 -0.0187271 -0.629368 156.237 0.0361198 0.996586 -0.0742395 10.6504 0.62861 -0.0804079 -0.773553 -60.4254 
206 -0.791677 -0.0155249 -0.610742 157.697 0.0355664 0.99681 -0.0714417 10.6051 0.609904 -0.0782806 -0.7886 -57.9712 
207 -0.806547 -0.0114303 -0.591059 159.122 0.0368742 0.996893 -0.0695963 10.316 0.590018 -0.0779276 -0.80362 -55.3163 
208 -0.82071 -0.00966284 -0.571264 160.377 0.0379475 0.996727 -0.0713771 10.2379 0.570084 -0.0802579 -0.817657 -52.6909 
209 -0.834574 -0.00896829 -0.550823 161.692 0.0393009 0.996351 -0.0757685 10.2371 0.549493 -0.0848822 -0.831176 -50.1189 
210 -0.847538 -0.00601687 -0.5307 162.868 0.0399082 0.996382 -0.0750307 10.1097 0.529232 -0.0847707 -0.844232 -47.5092 
211 -0.858921 -0.00492528 -0.512085 163.861 0.0379276 0.996596 -0.0732014 10.3613 0.510702 -0.0822963 -0.85581 -45.2296 
212 -0.869672 -0.00259839 -0.493623 164.816 0.0391938 0.996466 -0.0742976 10.2155 0.492071 -0.0839616 -0.866497 -43.0503 
213 -0.879318 0.000819217 -0.476235 165.647 0.0423716 0.996167 -0.0765211 9.79333 0.474347 -0.0874652 -0.875982 -41.0474 
214 -0.888224 -0.000494848 -0.45941 166.401 0.0403297 0.996055 -0.0790464 10.2481 0.457637 -0.0887388 -0.8847 -39.2619 
215 -0.896641 -0.00149834 -0.442757 167.081 0.0376095 0.996122 -0.0795351 10.7343 0.441159 -0.0879663 -0.893107 -37.484 
216 -0.90374 -0.00267154 -0.428073 167.619 0.0353917 0.996091 -0.0809348 11.1666 0.426616 -0.0882942 -0.900113 -36.0334 
218 -0.91675 -0.00446006 -0.399436 168.681 0.0305289 0.996231 -0.0811912 12.0194 0.398292 -0.0866264 -0.913159 -33.4456 
219 -0.92209 -0.00716266 -0.38691 169.054 0.0255732 0.996515 -0.0793944 12.794 0.38613 -0.0831033 -0.918693 -32.4185 
220 -0.927401 -0.008344 -0.373975 169.5 0.0220024 0.996803 -0.0768031 13.3242 0.37342 -0.0794557 -0.924253 -31.3727 
221 -0.931323 -0.00594128 -0.364145 169.851 0.0223246 0.997055 -0.073364 13.1632 0.363509 -0.076455 -0.928448 -30.8125 
222 -0.934513 -0.00101482 -0.355927 170.184 0.0268697 0.996941 -0.0733909 12.4038 0.354913 -0.0781484 -0.931627 -30.5794 
223 -0.936896 0.00438291 -0.34958 170.393 0.0319625 0.996808 -0.073164 11.535 0.348143 -0.0797206 -0.934046 -30.7049 
224 -0.938525 0.00744629 -0.34513 170.619 0.0351887 0.996623 -0.0741875 11.0315 0.343412 -0.0817715 -0.935618 -31.1921 
225 -0.940488 0.00525472 -0.339785 170.769 0.0323649 0.99672 -0.0741685 11.5228 0.338281 -0.0807517 -0.937574 -31.5706 
226 -0.942371 -0.000894244 -0.334568 170.856 0.0249436 0.997026 -0.072923 12.7729 0.333638 -0.0770658 -0.939546 -31.998 
227 -0.944199 -0.00632113 -0.329314 170.933 0.018841 0.997142 -0.0731603 13.8367 0.328835 -0.0752825 -0.941382 -32.4196 
228 -0.945731 -0.0131314 -0.324684 171.002 0.0124911 0.996976 -0.0767052 15.034 0.32471 -0.0765982 -0.942707 -33.022 
229 -0.947046 -0.016275 -0.320685 171.087 0.0100341 0.996727 -0.0802174 15.5493 0.320941 -0.0791874 -0.943783 -33.7092 
230 -0.947949 -0.0162559 -0.318008 171.165 0.0105552 0.996543 -0.0824054 15.517 0.318248 -0.0814727 -0.9445 -34.6496 
231 -0.94813 -0.0163002 -0.317466 171.213 0.0110705 0.996386 -0.0842218 15.4785 0.317691 -0.0833677 -0.944522 -35.8459 
232 -0.948055 -0.0138528 -0.317805 171.25 0.0139282 0.996286 -0.084977 15.0056 0.317801 -0.0849894 -0.944341 -37.2122 
233 -0.947716 -0.0134752 -0.318831 171.221 0.0148642 0.99616 -0.0862854 14.8762 0.318769 -0.0865132 -0.943876 -38.7461 
234 -0.947261 -0.0130779 -0.320197 171.154 0.01586 0.996029 -0.0876009 14.7331 0.320071 -0.0880592 -0.943292 -40.4011 
235 -0.946587 -0.0116254 -0.322238 171.116 0.0173201 0.996074 -0.0868138 14.4795 0.321982 -0.087758 -0.94267 -42.0097 
236 -0.945737 -0.0122732 -0.324702 170.997 0.0170012 0.996049 -0.0871673 14.5537 0.324489 -0.0879577 -0.941791 -43.7773 
237 -0.944447 -0.0136689 -0.328381 170.812 0.015993 0.99604 -0.0874575 14.7463 0.328276 -0.0878507 -0.940488 -45.7702 
238 -0.942946 -0.0147287 -0.33262 170.629 0.0145698 0.996239 -0.0854184 14.9834 0.332627 -0.0853911 -0.939185 -48.1039 
239 -0.941012 -0.0166628 -0.337961 170.3 0.0122667 0.99645 -0.0832838 15.3799 0.33815 -0.0825168 -0.937468 -50.1109 
240 -0.938528 -0.0184909 -0.344708 169.914 0.0101311 0.996659 -0.0810467 15.7498 0.345055 -0.0795569 -0.935205 -52.6376 
241 -0.935799 -0.016804 -0.352133 169.534 0.012351 0.996687 -0.0803855 15.3632 0.352317 -0.0795739 -0.932492 -55.3022 
242 -0.932403 -0.0169549 -0.361021 169.011 0.0128766 0.996706 -0.0800652 15.28 0.36119 -0.0793018 -0.929114 -58.2516 
243 -0.928813 -0.0158832 -0.370209 168.462 0.0155304 0.996534 -0.0817185 14.8277 0.370224 -0.0816507 -0.925347 -61.2309 
244 -0.92474 -0.013916 -0.380346 167.904 0.0178704 0.996642 -0.0799134 14.4142 0.38018 -0.080696 -0.921385 -64.4763 
245 -0.91969 -0.0133499 -0.392419 167.021 0.0198722 0.996558 -0.0804757 14.0642 0.392143 -0.0818109 -0.916259 -67.9676 
246 -0.913914 -0.0122879 -0.405723 166.064 0.022385 0.996495 -0.0806037 13.6236 0.405291 -0.0827469 -0.910435 -71.7581 
247 -0.908099 -0.0114959 -0.418598 165.131 0.0242021 0.996511 -0.0798709 13.3053 0.418056 -0.0826616 -0.904653 -75.4994 
248 -0.901847 -0.0115844 -0.431901 163.973 0.0239915 0.996755 -0.0768312 13.3543 0.43139 -0.0796519 -0.898642 -79.1628 
249 -0.895595 -0.0106317 -0.444744 162.89 0.0261615 0.996726 -0.076509 12.9744 0.444101 -0.0801562 -0.892384 -82.8452 
250 -0.88918 -0.00909591 -0.457466 161.777 0.02821 0.996811 -0.0746518 12.6215 0.456686 -0.079284 -0.886088 -86.283 
251 -0.881422 -0.00690416 -0.47228 160.344 0.0301168 0.997037 -0.0707828 12.296 0.471369 -0.0766131 -0.878602 -90.4455 
252 -0.873739 -0.00436899 -0.486376 158.939 0.0320061 0.997276 -0.0664549 11.9856 0.485341 -0.0736313 -0.871219 -94.2627 
253 -0.865865 -0.00131979 -0.500275 157.5 0.0349147 0.997399 -0.0630609 11.4906 0.499057 -0.0720692 -0.863567 -97.7763 
254 -0.856617 0.0019045 -0.515949 155.763 0.0379009 0.997524 -0.0592437 10.9757 0.514559 -0.070304 -0.854568 -102.059 
255 -0.846129 0.00506639 -0.532955 153.76 0.041143 0.997592 -0.0558361 10.4146 0.531388 -0.0691719 -0.844299 -106.362 
256 -0.835385 0.00823506 -0.549603 151.692 0.0445097 0.997618 -0.0527059 9.82502 0.54786 -0.0684924 -0.833761 -110.62 
257 -0.824552 0.00948192 -0.565706 149.533 0.0458773 0.997688 -0.0501467 9.60191 0.563922 -0.0673017 -0.823081 -114.552 
258 -0.812428 0.0118208 -0.582942 147.163 0.0489131 0.997652 -0.0479385 9.07513 0.581006 -0.0674601 -0.811098 -119.139 
259 -0.7999 0.0119916 -0.600014 144.623 0.049944 0.997662 -0.0466434 8.91411 0.598052 -0.0672771 -0.798629 -123.498 
260 -0.786357 0.0129078 -0.617638 141.869 0.0498702 0.997845 -0.0426395 8.99807 0.615757 -0.0643316 -0.785306 -127.784 
261 -0.770945 0.0153665 -0.636717 138.75 0.051825 0.997907 -0.0386668 8.69678 0.63479 -0.0628078 -0.770128 -132.552 
262 -0.754439 0.0170052 -0.65615 135.367 0.0543041 0.997854 -0.0365776 8.26935 0.65412 -0.0632272 -0.753744 -137.326 
263 -0.737586 0.0174845 -0.675027 131.819 0.0570479 0.997704 -0.0364925 7.74143 0.672839 -0.0654252 -0.73689 -141.634 
264 -0.719692 0.0173098 -0.694078 128.129 0.0578284 0.99771 -0.0350803 7.64362 0.691881 -0.0653844 -0.719044 -146.604 
265 -0.70042 0.016245 -0.713546 124.066 0.0578521 0.997744 -0.0340728 7.67188 0.711382 -0.0651454 -0.699779 -151.286 
266 -0.680316 0.0145917 -0.732774 119.763 0.0569208 0.997834 -0.032976 7.88013 0.730706 -0.0641442 -0.679673 -155.625 
267 -0.659366 0.0121008 -0.751724 115.313 0.0567022 0.997823 -0.0336733 7.93839 0.749681 -0.0648275 -0.658617 -160.423 
268 -0.63924 0.0107874 -0.768931 111.018 0.0571461 0.997803 -0.0335093 7.8644 0.766881 -0.0653619 -0.638452 -164.554 
269 -0.617649 0.00941669 -0.786398 106.372 0.0572426 0.997814 -0.0330109 7.85512 0.784368 -0.0654046 -0.616838 -168.702 
270 -0.595574 0.0101529 -0.803236 101.699 0.0567849 0.997951 -0.0294901 8.04909 0.801291 -0.0631752 -0.59493 -172.871 
271 -0.571089 0.00995189 -0.820828 96.4585 0.0577724 0.997934 -0.0280958 7.89519 0.818853 -0.0634664 -0.570484 -177.063 
272 -0.545889 0.011923 -0.837773 91.0438 0.0609038 0.997818 -0.025484 7.32565 0.835641 -0.0649349 -0.545424 -180.962 
273 -0.518796 0.0121951 -0.854811 85.2711 0.0612429 0.997859 -0.0229332 7.3334 0.852702 -0.0642488 -0.518432 -185.143 
274 -0.491663 0.0102202 -0.870725 79.3913 0.0599976 0.997952 -0.0221647 7.61716 0.868716 -0.063139 -0.49127 -188.954 
275 -0.463457 0.00936155 -0.88607 73.2874 0.0588709 0.99806 -0.0202475 7.90276 0.884162 -0.0615476 -0.463109 -192.622 
276 -0.435072 0.00987706 -0.900341 67.168 0.059637 0.99806 -0.0178694 7.81919 0.898418 -0.0614681 -0.434818 -196.111 
277 -0.404137 0.00957529 -0.914648 60.4597 0.0621113 0.997924 -0.0169967 7.33992 0.912587 -0.063679 -0.403893 -199.523 
278 -0.370491 0.0115105 -0.928765 53.1769 0.0636397 0.997888 -0.0130192 7.12823 0.926653 -0.0639298 -0.370441 -202.618 
279 -0.338088 0.0141534 -0.941008 46.2084 0.0636676 0.99794 -0.00786496 7.2818 0.938958 -0.0625708 -0.338293 -205.699 
280 -0.303614 0.0150568 -0.952676 38.7254 0.0632161 0.99799 -0.00437375 7.48526 0.950696 -0.0615524 -0.303955 -208.423 
281 -0.27221 0.0146279 -0.962127 31.8581 0.0627666 0.998025 -0.00258457 7.6257 0.960189 -0.061093 -0.272591 -210.561 
282 -0.236741 0.0155455 -0.971448 24.1762 0.0602496 0.998183 0.00129057 8.28691 0.969703 -0.0582239 -0.237247 -212.95 
283 -0.201709 0.0155295 -0.979322 16.533 0.0587857 0.998264 0.00372188 8.67558 0.97768 -0.0568194 -0.202272 -214.866 
284 -0.167609 0.0166849 -0.985712 9.1191 0.0585512 0.99826 0.00694138 8.82513 0.984113 -0.0565512 -0.168294 -216.509 
285 -0.131678 0.0174219 -0.991139 1.28277 0.0579848 0.998269 0.00984362 9.04082 0.989595 -0.0561748 -0.13246 -217.885 
286 -0.0960184 0.0179171 -0.995218 -6.50172 0.0582476 0.998226 0.0123515 9.06192 0.993674 -0.0567831 -0.0968916 -218.986 
287 -0.0609305 0.0163473 -0.998008 -14.2099 0.0591983 0.998165 0.0127357 8.87212 0.996385 -0.0583043 -0.0617864 -219.705 
288 -0.0269447 0.0154115 -0.999518 -21.6631 0.0583469 0.998201 0.0138183 9.1007 0.997933 -0.0579464 -0.0277955 -220.378 
289 0.00690271 0.0139469 -0.999879 -29.1138 0.0574349 0.998247 0.0143207 9.3269 0.998325 -0.0575268 0.00608957 -220.696 
290 0.0400903 0.0125834 -0.999117 -36.3967 0.0581995 0.998194 0.014907 9.18029 0.9975 -0.0587457 0.0392856 -220.69 
291 0.0718151 0.014074 -0.997319 -43.3623 0.0574247 0.998184 0.0182213 9.45797 0.995764 -0.0585792 0.0708765 -220.721 
292 0.104179 0.0153879 -0.99444 -50.458 0.0552456 0.998247 0.0212344 10.0392 0.993023 -0.0571506 0.103146 -220.36 
293 0.135795 0.016235 -0.990604 -57.4039 0.0542736 0.998242 0.0238002 10.339 0.989249 -0.0569956 0.134675 -219.824 
294 0.166067 0.0175925 -0.985958 -64.0497 0.0540162 0.998177 0.0269087 10.4917 0.984634 -0.0577263 0.164814 -219.166 
295 0.195541 0.019528 -0.980501 -70.5182 0.0536683 0.99809 0.0305813 10.6774 0.979226 -0.0586017 0.194119 -218.352 
296 0.226697 0.0208997 -0.973741 -77.3338 0.0530206 0.998022 0.0337646 10.9129 0.972521 -0.0592827 0.225141 -217.18 
297 0.256751 0.0235939 -0.96619 -83.9891 0.0510294 0.997977 0.0379305 11.4937 0.96513 -0.0590427 0.255027 -215.912 
298 0.28687 0.0254517 -0.957631 -90.6356 0.0496474 0.997909 0.0413946 11.9125 0.956682 -0.0594188 0.285007 -214.393 
299 0.317104 0.027695 -0.947986 -97.3102 0.0490217 0.997759 0.045547 12.1715 0.947123 -0.060915 0.315035 -212.647 
300 0.346156 0.0281909 -0.937753 -103.766 0.0480546 0.997704 0.0477317 12.46 0.936946 -0.0615859 0.344006 -210.76 
301 0.374052 0.0290173 -0.926954 -109.971 0.0459931 0.9977 0.0497914 13.0017 0.926267 -0.061258 0.371857 -208.793 
302 0.401484 0.0291752 -0.915401 -116.115 0.0451211 0.997649 0.0515861 13.2573 0.914754 -0.0620149 0.399224 -206.649 
303 0.429985 0.0305871 -0.902318 -122.449 0.0454216 0.997427 0.0554561 13.284 0.901693 -0.06483 0.42749 -204.176 
304 0.457754 0.0318992 -0.888507 -128.651 0.0464745 0.997131 0.0597424 13.1347 0.887864 -0.0686401 0.454958 -201.554 
305 0.484862 0.0328152 -0.873975 -134.727 0.0447862 0.997053 0.0622828 13.5999 0.873443 -0.0693406 0.481963 -198.734 
306 0.511848 0.0332656 -0.858432 -140.802 0.0422169 0.997069 0.0638103 14.259 0.858038 -0.0689015 0.508944 -195.675 
307 0.537257 0.0333119 -0.84276 -146.54 0.0396595 0.997117 0.064696 14.9063 0.842486 -0.0681819 0.534387 -192.602 
308 0.560287 0.0318085 -0.827688 -151.785 0.0396612 0.997086 0.0651664 14.9265 0.827349 -0.0693389 0.557392 -189.726 
309 0.581098 0.0307972 -0.813251 -156.528 0.0392632 0.997059 0.0658129 15.0455 0.812886 -0.0701745 0.57818 -187.054 
310 0.600668 0.0300231 -0.798935 -161.005 0.037639 0.997125 0.0657692 15.4492 0.798612 -0.0695765 0.597811 -184.432 
311 0.619082 0.0295455 -0.78477 -165.223 0.0350842 0.997254 0.0652221 16.0738 0.784542 -0.0679109 0.616345 -181.861 
312 0.636762 0.0306857 -0.770449 -169.282 0.0318688 0.997307 0.0660601 16.8884 0.770401 -0.0666179 0.634069 -179.321 
313 0.652563 0.0315121 -0.757079 -172.882 0.0290972 0.997356 0.0665935 17.5903 0.757175 -0.0654854 0.649921 -177.001 
314 0.667967 0.0332218 -0.743449 -176.41 0.0267207 0.997288 0.0685726 18.2183 0.743711 -0.0656697 0.665267 -174.682 
315 0.683071 0.0323743 -0.729634 -179.962 0.0264834 0.997262 0.0690424 18.2972 0.729872 -0.066484 0.680343 -172.258 
316 0.698293 0.0331561 -0.715044 -183.483 0.0248749 0.997199 0.0705316 18.7191 0.71538 -0.0670384 0.695512 -169.719 
317 0.712777 0.0325152 -0.700637 -186.902 0.0224916 0.997352 0.0691664 19.3051 0.70103 -0.0650587 0.710158 -167.142 
318 0.727274 0.0330067 -0.685553 -190.317 0.0195031 0.997446 0.0687131 20.0602 0.68607 -0.0633436 0.724773 -164.431 
319 0.740863 0.033658 -0.670812 -193.523 0.0173536 0.997451 0.0692129 20.6174 0.671432 -0.0629182 0.738391 -161.849 
320 0.754527 0.0341917 -0.655378 -196.769 0.0168803 0.9973 0.0714642 20.7668 0.656052 -0.0649846 0.751913 -159.147 
321 0.767018 0.0344562 -0.6407 -199.758 0.0159202 0.997228 0.0726888 21.028 0.641428 -0.0659537 0.764343 -156.621 
322 0.77889 0.0336969 -0.626255 -202.641 0.0151739 0.997251 0.0725313 21.2248 0.626977 -0.0659966 0.776237 -154.131 
323 0.789667 0.0342158 -0.612581 -205.254 0.012393 0.99735 0.0716828 21.9384 0.61341 -0.0641973 0.787151 -151.965 
324 0.800711 0.034912 -0.598033 -207.94 0.0100289 0.997379 0.0716528 22.5537 0.598968 -0.0633708 0.798262 -149.351 
325 0.810399 0.0351865 -0.584821 -210.326 0.00904148 0.997325 0.0725344 22.8214 0.585809 -0.0640694 0.807913 -147.217 
326 0.819142 0.0394656 -0.572232 -212.393 0.00582287 0.997007 0.0770967 23.6694 0.573562 -0.0664851 0.81646 -145.381 
327 0.828009 0.0403784 -0.559259 -214.593 0.00338135 0.997026 0.0769913 24.3067 0.560704 -0.0656405 0.82541 -143.329 
328 0.835585 0.0431516 -0.547664 -216.439 -0.000249116 0.99694 0.078171 25.2555 0.549361 -0.0651821 0.833039 -141.687 
329 0.842495 0.0442793 -0.536882 -218.175 -0.00183345 0.996846 0.0793377 25.6722 0.538701 -0.0658572 0.839919 -140.257 
330 0.848013 0.0447682 -0.528082 -219.581 -0.00333971 0.996857 0.0791457 26.0722 0.529966 -0.0653529 0.845497 -139.319 
331 0.851935 0.0442646 -0.521773 -220.611 -0.00439382 0.99699 0.0774055 26.3612 0.523628 -0.0636519 0.849566 -138.977 
332 0.85498 0.0446544 -0.516735 -221.592 -0.0055601 0.997019 0.0769592 26.7002 0.518631 -0.0629255 0.852679 -139.384 
333 0.857525 0.0449655 -0.512473 -222.069 -0.00660673 0.997053 0.0764285 26.962 0.5144 -0.0621536 0.855295 -139.247 
334 0.860196 0.0460634 -0.507879 -222.761 -0.00812315 0.997023 0.0766693 27.3642 0.509899 -0.061825 0.85801 -139.431 
335 0.862283 0.0471951 -0.504222 -223.299 -0.0103961 0.997088 0.0755486 27.979 0.506319 -0.0599024 0.860263 -139.815 
336 0.864518 0.0487008 -0.500236 -224.007 -0.0121686 0.997031 0.0760364 28.473 0.502454 -0.0596476 0.862544 -140.69 
337 0.866744 0.04995 -0.496247 -224.458 -0.0135288 0.996961 0.0767204 28.8205 0.498571 -0.0597833 0.864785 -140.517 
338 0.868925 0.0505119 -0.49236 -225.054 -0.0145746 0.996959 0.0765581 29.1118 0.49473 -0.0593473 0.867018 -140.864 
339 0.871115 0.0499126 -0.488535 -225.686 -0.0143496 0.996984 0.0762727 29.0676 0.490869 -0.0594321 0.869204 -141.305 
340 0.873437 0.0500033 -0.484364 -226.61 -0.0148923 0.996991 0.0760696 29.2724 0.48671 -0.0592286 0.871553 -141.93 
341 0.875249 0.0490736 -0.481176 -226.903 -0.0146314 0.997071 0.0750739 29.186 0.48345 -0.0586681 0.873404 -142.172 
342 0.87696 0.0477047 -0.47819 -227.442 -0.0136281 0.997129 0.0744818 28.9411 0.48037 -0.0588007 0.875093 -142.815 
343 0.877579 0.0449626 -0.477318 -227.699 -0.0115072 0.997281 0.0727856 28.4147 0.479293 -0.0583825 0.875711 -143.908 
344 0.878075 0.0449461 -0.476408 -227.853 -0.0114371 0.997266 0.0730061 28.4054 0.478386 -0.0586561 0.876188 -145.135 
345 0.878647 0.042048 -0.475617 -228.133 -0.00834788 0.997315 0.0727483 27.5919 0.477399 -0.0599496 0.876639 -146.599 
346 0.879189 0.0414163 -0.474669 -228.458 -0.00709855 0.997243 0.0738643 27.2738 0.47642 -0.0615712 0.877059 -147.612 
348 0.879331 0.0386193 -0.474643 -228.458 -0.00379582 0.997243 0.0741084 26.3671 0.476196 -0.0633642 0.877053 -150.42 
349 0.879617 0.037422 -0.474208 -228.583 -0.0030893 0.997329 0.0729736 26.2144 0.475673 -0.0627238 0.877383 -151.564 
350 0.879768 0.0390645 -0.473795 -228.602 -0.00526204 0.997357 0.0724614 26.837 0.475374 -0.0612561 0.877649 -152.73 
352 0.880106 0.0438709 -0.472745 -228.601 -0.0108156 0.997316 0.0724159 28.3908 0.474653 -0.0586207 0.878218 -155.121 
