0 0.999993 0.00257729 0.00270478 -0.0120483 -0.00257654 0.999997 -0.000279418 -0.00325631 -0.00270549 0.000272447 0.999996 0.00507834 
7 0.999416 0.0172165 -0.029509 1.23692 -0.0174159 0.999827 -0.00651443 0.145992 0.0293918 0.00702455 0.999543 -0.802922 
10 0.998947 0.0164597 -0.0428179 1.69056 -0.0169043 0.999807 -0.0100415 0.193441 0.0426443 0.0107547 0.999032 -1.06231 
12 0.998348 0.0192545 -0.0541401 2.15077 -0.0199087 0.999735 -0.0115706 0.25393 0.0539029 0.0126294 0.998466 -1.3619 
15 0.997655 0.0226112 -0.064599 2.62646 -0.0232405 0.999689 -0.0090066 0.321255 0.0643753 0.0104868 0.997871 -1.67976 
18 0.995729 0.0368889 -0.0846392 3.37745 -0.037984 0.999214 -0.011365 0.373831 0.0841534 0.0145314 0.996347 -2.05644 
21 0.994112 0.0426886 -0.0995965 3.97208 -0.0444426 0.998892 -0.0154584 0.451929 0.0988263 0.0197937 0.994908 -2.39451 
23 0.991024 0.0436166 -0.126368 4.81213 -0.0457709 0.998851 -0.0141931 0.571806 0.125604 0.0198497 0.991882 -2.71793 
26 0.987415 0.0562024 -0.147827 5.58606 -0.0590903 0.998137 -0.0152141 0.653355 0.146697 0.0237578 0.988896 -3.19793 
29 0.983369 0.0589398 -0.17179 6.40503 -0.0623583 0.997948 -0.0145664 0.744318 0.170579 0.0250367 0.985026 -3.65974 
32 0.973011 0.0599442 -0.222838 7.28303 -0.0654937 0.997698 -0.0175909 0.863979 0.22127 0.0317106 0.974697 -3.964 
36 0.959233 0.0645011 -0.275157 8.02101 -0.0739421 0.996972 -0.0240659 1.04898 0.272772 0.0434305 0.961098 -4.53707 
40 0.938653 0.0721946 -0.337221 8.79128 -0.084297 0.996212 -0.0213642 1.09506 0.334402 0.0484803 0.941183 -4.66722 
43 0.90746 0.0822349 -0.412012 9.9584 -0.103566 0.99418 -0.0296736 1.28128 0.407174 0.0695981 0.910695 -4.35115 
47 0.869765 0.0695191 -0.488545 10.3505 -0.0967726 0.994832 -0.0307229 1.44218 0.483885 0.0739994 0.871997 -4.31868 
51 0.820115 0.0783185 -0.566814 10.8295 -0.112483 0.993326 -0.0254988 1.37277 0.561034 0.0846689 0.823451 -4.22453 
54 0.768962 0.0712008 -0.635317 11.1293 -0.110197 0.993666 -0.022016 1.39929 0.629726 0.0869393 0.771937 -4.25989 
57 0.72027 0.0681207 -0.690341 11.3456 -0.114635 0.993173 -0.0216021 1.40603 0.684156 0.0946968 0.723162 -4.10459 
59 0.66415 0.0666306 -0.744624 11.4647 -0.122541 0.992252 -0.0205088 1.38619 0.737488 0.104868 0.667169 -3.82605 
62 0.61023 0.0709198 -0.789044 11.6452 -0.134154 0.990852 -0.0146932 1.30933 0.780783 0.114819 0.614161 -3.74033 
64 0.550117 0.0661262 -0.832466 11.774 -0.141388 0.989844 -0.0148057 1.31989 0.823032 0.125845 0.553879 -3.49525 
67 0.488919 0.0568997 -0.870471 11.8781 -0.147312 0.988924 -0.0180986 1.35199 0.859801 0.13708 0.491886 -3.27417 
70 0.406532 0.0608867 -0.911606 12.0174 -0.16094 0.986947 -0.00585284 1.21715 0.89935 0.149094 0.411024 -3.09803 
73 0.340421 0.0534856 -0.938751 12.1123 -0.168739 0.985648 -0.00503278 1.22365 0.925008 0.160118 0.344561 -2.9055 
76 0.250527 0.0397597 -0.967293 12.2269 -0.174195 0.9847 -0.00464085 1.25789 0.952309 0.16966 0.25362 -2.68797 
78 0.204018 0.0370207 -0.978267 12.2719 -0.175788 0.984428 0.000593262 1.21693 0.963055 0.171846 0.207349 -2.5669 
80 0.15449 0.0382996 -0.987252 12.3023 -0.183885 0.982903 0.00935581 1.13139 0.970731 0.180095 0.158891 -2.42913 
81 0.106354 0.0303553 -0.993865 12.3447 -0.186089 0.982481 0.0100941 1.14927 0.97676 0.183874 0.11014 -2.30896 
83 0.0590156 0.014597 -0.99815 12.379 -0.184508 0.982825 0.00346382 1.25719 0.981058 0.183962 0.0606953 -2.18533 
85 0.0126279 0.00269992 -0.999917 12.4056 -0.183117 0.983091 0.000341918 1.32142 0.98301 0.183097 0.0129088 -2.08413 
87 -0.0551897 -0.0200995 -0.998274 12.4296 -0.185974 0.982509 -0.00950044 1.48849 0.981003 0.185129 -0.0579623 -1.95242 
90 -0.120283 -0.0278866 -0.992348 12.4554 -0.177943 0.984022 -0.00608418 1.46127 0.976662 0.175849 -0.123323 -1.89849 
93 -0.196933 -0.0337095 -0.979837 12.4756 -0.175513 0.984476 0.0014066 1.40804 0.964579 0.172251 -0.199793 -1.96954 
96 -0.24148 -0.0494862 -0.969143 12.5025 -0.179291 0.98378 -0.00555987 1.54561 0.953699 0.172416 -0.246436 -2.16743 
98 -0.284467 -0.063341 -0.956591 12.5384 -0.187587 0.982204 -0.00925295 1.67806 0.940154 0.176812 -0.291287 -2.36578 
101 -0.325294 -0.0666313 -0.943263 12.5924 -0.185419 0.982644 -0.00546959 1.6671 0.927256 0.173119 -0.332003 -2.66392 
103 -0.36396 -0.0675097 -0.928965 12.6511 -0.181407 0.983408 -0.000392559 1.62316 0.913578 0.168378 -0.370168 -2.97688 
106 -0.398712 -0.0776959 -0.913779 12.7083 -0.183779 0.982962 -0.00338955 1.71292 0.898473 0.166582 -0.406198 -3.32763 
109 -0.430772 -0.0848954 -0.898459 12.7847 -0.18898 0.981978 -0.00217948 1.78693 0.882452 0.168852 -0.439052 -3.7505 
111 -0.45305 -0.0872155 -0.887208 12.8501 -0.191147 0.981561 0.00111796 1.80781 0.870752 0.170094 -0.461367 -4.01676 
113 -0.474301 -0.0870774 -0.876046 12.9177 -0.187905 0.982179 0.00410691 1.77902 0.860076 0.166561 -0.482211 -4.31905 
115 -0.49298 -0.0905095 -0.86532 12.978 -0.186832 0.982385 0.003686 1.79895 0.849743 0.163487 -0.501207 -4.62902 
118 -0.52085 -0.0984287 -0.847955 13.0961 -0.191609 0.981464 0.00376826 1.89222 0.831866 0.164438 -0.530055 -5.08155 
120 -0.539985 -0.0975491 -0.836003 13.1777 -0.190738 0.981603 0.00866149 1.87281 0.819778 0.164134 -0.548657 -5.36519 
122 -0.578692 -0.0916693 -0.810378 13.3732 -0.184986 0.982518 0.0209575 1.78398 0.794289 0.162037 -0.585533 -5.97199 
125 -0.605237 -0.0982978 -0.789953 13.5352 -0.186196 0.9823 0.0204248 1.8458 0.773963 0.159448 -0.612828 -6.40645 
128 -0.630296 -0.0996136 -0.769937 13.6889 -0.1839 0.982666 0.0234105 1.83484 0.754259 0.156347 -0.63769 -6.85038 
131 -0.655235 -0.0965938 -0.749224 13.8792 -0.180371 0.98311 0.0309959 1.789 0.733576 0.155448 -0.661591 -7.33045 
134 -0.67938 -0.0958618 -0.727498 14.0744 -0.178167 0.983311 0.036813 1.76871 0.711828 0.154626 -0.685122 -7.7967 
137 -0.701933 -0.0932757 -0.706109 14.2701 -0.174994 0.983585 0.0440294 1.72793 0.690411 0.15447 -0.706733 -8.28427 
140 -0.7214 -0.0883513 -0.68686 14.4608 -0.171151 0.983807 0.0532093 1.68008 0.671037 0.155942 -0.724839 -8.82992 
143 -0.73789 -0.0915461 -0.668684 14.648 -0.178145 0.98204 0.0621364 1.81648 0.650986 0.164973 -0.740946 -9.39362 
146 -0.752392 -0.0966884 -0.651581 14.8305 -0.185398 0.980265 0.0686198 1.96963 0.632087 0.172431 -0.755469 -9.97947 
149 -0.768011 -0.0958546 -0.633223 15.0384 -0.189338 0.978522 0.0815165 2.07743 0.611809 0.182499 -0.769665 -10.5746 
152 -0.784068 -0.0964815 -0.61313 15.2802 -0.186723 0.978749 0.0847655 2.08313 0.591922 0.180947 -0.785421 -11.1378 
155 -0.799515 -0.111488 -0.590208 15.5674 -0.193473 0.978053 0.0773341 2.25823 0.568633 0.176019 -0.803538 -11.6216 
158 -0.817975 -0.116559 -0.563321 15.9182 -0.190789 0.978799 0.07451 2.25334 0.542693 0.168423 -0.822872 -12.0909 
161 -0.83778 -0.115979 -0.533548 16.2968 -0.186199 0.97929 0.0794998 2.21936 0.513278 0.165949 -0.842025 -12.5124 
164 -0.857277 -0.125513 -0.499322 16.7488 -0.189791 0.978571 0.0798691 2.34336 0.478597 0.163237 -0.862727 -12.8602 
167 -0.875674 -0.133841 -0.463985 17.2059 -0.193168 0.977688 0.0825417 2.47452 0.442585 0.161907 -0.881989 -13.1744 
170 -0.89674 -0.133442 -0.42196 17.7666 -0.186197 0.978725 0.0861844 2.39667 0.401482 0.155853 -0.902509 -13.4436 
173 -0.91524 -0.139453 -0.378006 18.3479 -0.185474 0.978699 0.0880163 2.44449 0.35768 0.150666 -0.92161 -13.6592 
176 -0.93165 -0.145731 -0.332852 18.941 -0.186001 0.978201 0.0923354 2.54099 0.31214 0.147935 -0.938447 -13.8451 
178 -0.941254 -0.149923 -0.302596 19.3385 -0.186472 0.9778 0.0955816 2.615 0.281548 0.146392 -0.948314 -13.9632 
180 -0.9497 -0.155763 -0.271676 19.7241 -0.188891 0.97687 0.100228 2.74274 0.24978 0.146504 -0.957155 -14.0472 
182 -0.957791 -0.1579 -0.240217 20.1604 -0.186812 0.97702 0.102636 2.76128 0.218491 0.143179 -0.965278 -14.1643 
184 -0.964953 -0.160368 -0.207722 20.5882 -0.183886 0.977925 0.099237 2.70225 0.187222 0.133956 -0.973141 -14.2475 
186 -0.970566 -0.164736 -0.175682 21.0021 -0.183407 0.978353 0.0958476 2.69177 0.156089 0.125248 -0.97977 -14.3218 
188 -0.974065 -0.174677 -0.143828 21.4282 -0.189309 0.977294 0.095173 2.86243 0.123937 0.119932 -0.985016 -14.3746 
190 -0.976635 -0.182495 -0.113491 21.8291 -0.193654 0.976306 0.0965618 3.01686 0.0931796 0.116284 -0.988836 -14.435 
192 -0.979703 -0.182256 -0.0834575 22.2266 -0.19009 0.976842 0.09821 2.99382 0.0636255 0.112081 -0.99166 -14.5136 
194 -0.981703 -0.182226 -0.0552521 22.5805 -0.187058 0.977161 0.100821 2.99075 0.0356179 0.109312 -0.993369 -14.624 
196 -0.982897 -0.181817 -0.0292618 22.9454 -0.183855 0.977911 0.0994403 2.94009 0.0105355 0.103119 -0.994613 -14.7887 
198 -0.983097 -0.18291 -0.00805361 23.2321 -0.182813 0.978271 0.0978057 2.93044 -0.010011 0.0976247 -0.995173 -15.0527 
200 -0.983125 -0.182564 0.0116626 23.5048 -0.180599 0.978749 0.0971307 2.90716 -0.0291474 0.0933853 -0.995203 -15.3414 
202 -0.98274 -0.18225 0.0317456 23.738 -0.178465 0.979181 0.0967222 2.88362 -0.0487123 0.0893872 -0.994805 -15.5734 
205 -0.981705 -0.180381 0.0609729 24.2134 -0.174031 0.979948 0.0970343 2.84731 -0.0772534 0.0846479 -0.993412 -16.0252 
208 -0.981496 -0.173444 0.0811372 24.5119 -0.165443 0.981465 0.0967194 2.69907 -0.0964087 0.081506 -0.991999 -16.6695 
211 -0.980696 -0.171455 0.09401 24.7156 -0.162878 0.982308 0.0924183 2.61722 -0.108192 0.0753221 -0.991272 -17.488 
214 -0.980986 -0.167772 0.0975649 24.7579 -0.159465 0.983316 0.0875268 2.49409 -0.110622 0.0703044 -0.991373 -18.5068 
217 -0.981013 -0.170867 0.0917452 24.6796 -0.163463 0.983055 0.0829663 2.5496 -0.104367 0.0663941 -0.99232 -19.8153 
220 -0.979677 -0.180988 0.0864596 24.5876 -0.174165 0.981388 0.0808931 2.80821 -0.0994911 0.0641909 -0.992966 -21.1002 
223 -0.979891 -0.180106 0.0858798 24.5594 -0.173132 0.981415 0.0827677 2.88638 -0.0991907 0.0662348 -0.992862 -22.2844 
226 -0.979629 -0.1804 0.0882207 24.6365 -0.172968 0.98119 0.0857243 3.01943 -0.102026 0.0687187 -0.992405 -23.4395 
229 -0.980627 -0.174432 0.0891263 24.6583 -0.166813 0.982159 0.0868196 2.97394 -0.10268 0.0702702 -0.992229 -24.6338 
232 -0.981261 -0.171725 0.0873979 24.5829 -0.164299 0.982646 0.0860979 2.95681 -0.100666 0.0701252 -0.992446 -25.8838 
235 -0.981536 -0.171479 0.0847481 24.5588 -0.164387 0.98276 0.0846128 2.98041 -0.0977964 0.069119 -0.992803 -27.2344 
237 -0.981659 -0.171132 0.0840175 24.543 -0.163971 0.982724 0.0858331 3.05152 -0.0972548 0.0704824 -0.992761 -28.0926 
239 -0.981715 -0.171234 0.0831529 24.5221 -0.164067 0.982647 0.0865302 3.12023 -0.0965269 0.0713053 -0.992773 -28.9664 
241 -0.981716 -0.171404 0.0827897 24.5162 -0.164134 0.982517 0.0878618 3.20694 -0.0964022 0.0726667 -0.992686 -29.8355 
243 -0.981898 -0.170851 0.0817704 24.4872 -0.163736 0.982658 0.0870276 3.21736 -0.0952212 0.0720634 -0.992844 -30.7294 
245 -0.981718 -0.172131 0.0812429 24.4565 -0.165193 0.982541 0.0855835 3.23819 -0.0945561 0.0705981 -0.993013 -31.5941 
248 -0.981152 -0.17599 0.079804 24.4429 -0.169346 0.982007 0.0835706 3.33609 -0.0930757 0.068481 -0.993301 -32.9852 
250 -0.980957 -0.177501 0.0788434 24.4162 -0.170896 0.981712 0.0838828 3.4243 -0.0922908 0.0688114 -0.993352 -33.8933 
252 -0.981389 -0.175282 0.0784362 24.4068 -0.168552 0.981976 0.0855154 3.47487 -0.0920118 0.0707033 -0.993245 -34.8032 
254 -0.981289 -0.176014 0.0780424 24.3976 -0.169222 0.981775 0.0865006 3.57534 -0.0918454 0.0716757 -0.99319 -35.7039 
256 -0.981202 -0.176599 0.0778188 24.3965 -0.169711 0.981583 0.0877155 3.68057 -0.091876 0.0728599 -0.993101 -36.607 
258 -0.98171 -0.174188 0.076836 24.3643 -0.167467 0.982061 0.0866691 3.63937 -0.0905543 0.0722165 -0.99327 -37.5437 
260 -0.982007 -0.172871 0.076006 24.3243 -0.166232 0.982292 0.0864252 3.6437 -0.0896005 0.0722356 -0.993355 -38.4561 
262 -0.982551 -0.169966 0.0755283 24.3185 -0.163463 0.982856 0.0852862 3.59033 -0.0887292 0.071452 -0.99349 -39.4171 
264 -0.982832 -0.168713 0.0746766 24.2879 -0.162253 0.983039 0.085487 3.61814 -0.0878328 0.0719029 -0.993537 -40.3643 
266 -0.982975 -0.16828 0.0737664 24.2561 -0.161989 0.983185 0.0842996 3.60899 -0.0867119 0.0709151 -0.993706 -41.3227 
268 -0.983223 -0.167905 0.0712792 24.1595 -0.161838 0.983256 0.0837579 3.62966 -0.0841491 0.070817 -0.993934 -42.3176 
270 -0.983529 -0.167351 0.0682931 24.0392 -0.161628 0.983425 0.0821638 3.60121 -0.0809114 0.0697724 -0.994276 -43.3389 
272 -0.983649 -0.167602 0.0659064 23.9415 -0.162101 0.983405 0.0814774 3.62748 -0.0784684 0.0694617 -0.994494 -44.361 
274 -0.983714 -0.168212 0.0633314 23.8357 -0.162918 0.983299 0.0811218 3.67537 -0.0759194 0.0694829 -0.99469 -45.3911 
276 -0.983791 -0.168747 0.0606591 23.725 -0.163657 0.983195 0.0808957 3.72866 -0.0732906 0.0696572 -0.994875 -46.4335 
278 -0.984077 -0.167964 0.0581451 23.6142 -0.163101 0.983345 0.0801871 3.73205 -0.0706452 0.0694268 -0.995082 -47.476 
280 -0.984228 -0.167933 0.0556296 23.5001 -0.163255 0.983331 0.0800561 3.77736 -0.0681463 0.0697116 -0.995237 -48.527 
281 -0.984321 -0.167966 0.0538515 23.4365 -0.163393 0.983283 0.0803548 3.84909 -0.0664481 0.070296 -0.995311 -49.6046 
284 -0.984431 -0.168072 0.0514495 23.3151 -0.163553 0.983109 0.0821447 4.01766 -0.0643867 0.0724511 -0.995292 -51.1353 
285 -0.984833 -0.166123 0.0500667 23.2489 -0.161656 0.983353 0.0829704 4.0737 -0.0630166 0.0736185 -0.995294 -52.1877 
287 -0.985011 -0.165405 0.0489305 23.1965 -0.161074 0.983518 0.082142 4.06994 -0.0617107 0.0730294 -0.995419 -53.233 
289 -0.985428 -0.163295 0.0476026 23.1306 -0.159142 0.983938 0.0808663 4.01199 -0.0600432 0.0721123 -0.995588 -54.2968 
292 -0.98645 -0.158275 0.0432028 22.9056 -0.154521 0.984779 0.0795858 3.94699 -0.0551416 0.0718316 -0.995891 -56.5012 
294 -0.986694 -0.157646 0.039797 22.7092 -0.154085 0.984763 0.0806246 4.05009 -0.0519007 0.0734196 -0.99595 -57.5918 
296 -0.986813 -0.157872 0.0357343 22.4845 -0.154565 0.984608 0.0815834 4.17083 -0.048064 0.0749843 -0.996026 -58.7198 
297 -0.986822 -0.158449 0.0328174 22.3232 -0.155407 0.984561 0.0805467 4.17984 -0.0450733 0.0743851 -0.99621 -59.8382 
299 -0.986771 -0.159269 0.0302629 22.1798 -0.156499 0.984545 0.0786022 4.13746 -0.0423141 0.0728262 -0.996447 -60.9629 
301 -0.986687 -0.160252 0.027726 22.0374 -0.157714 0.98445 0.0773632 4.1392 -0.0396925 0.0719604 -0.996617 -62.0774 
303 -0.986781 -0.160115 0.0250209 21.8788 -0.157792 0.984478 0.0768465 4.16166 -0.0369368 0.0718825 -0.996729 -63.2026 
304 -0.986881 -0.159833 0.0227992 21.809 -0.157664 0.984481 0.0770614 4.24521 -0.0347623 0.0724558 -0.996766 -64.636 
306 -0.986847 -0.160405 0.0200779 21.5792 -0.158435 0.984363 0.0769935 4.29467 -0.0321141 0.0727997 -0.996829 -65.4837 
308 -0.986902 -0.160358 0.017622 21.4259 -0.158577 0.984366 0.0766664 4.33211 -0.0296406 0.0728678 -0.996901 -66.6356 
309 -0.986675 -0.162005 0.0150806 21.269 -0.16044 0.984162 0.0753896 4.33958 -0.0270552 0.0719655 -0.99704 -67.7927 
311 -0.986753 -0.161747 0.0124924 21.1015 -0.160372 0.98418 0.0753009 4.386 -0.0244745 0.0723 -0.997083 -68.9613 
313 -0.986576 -0.163012 0.00972495 20.9215 -0.161843 0.983973 0.0748598 4.44256 -0.0217721 0.072281 -0.997147 -70.134 
315 -0.986518 -0.163538 0.00617189 20.6888 -0.162594 0.983712 0.0766384 4.66916 -0.0186047 0.0746016 -0.99704 -71.8725 
318 -0.986878 -0.161452 0.00203828 20.3977 -0.160741 0.983567 0.082215 5.12766 -0.0152786 0.0808086 -0.996613 -73.6381 
320 -0.987034 -0.160509 -0.000162444 20.2456 -0.159964 0.983595 0.0833789 5.2602 -0.0132233 0.0823238 -0.996518 -74.835 
321 -0.986949 -0.161008 -0.00264848 20.1124 -0.160683 0.983612 0.0817771 5.22831 -0.0105617 0.0811354 -0.996647 -76.2958 
324 -0.987083 -0.160077 -0.00656783 19.7902 -0.160099 0.984021 0.0779182 4.99713 -0.00601004 0.0779632 -0.996938 -77.9888 
326 -0.98761 -0.156591 -0.010264 19.5166 -0.156918 0.984733 0.0753542 4.82045 -0.00169246 0.0760312 -0.997104 -79.8733 
329 -0.987645 -0.156054 -0.0142921 19.2177 -0.156695 0.984574 0.0778462 5.1142 0.00192344 0.079124 -0.996863 -81.7815 
332 -0.987578 -0.155537 -0.0223218 18.5714 -0.156824 0.984523 0.0782308 5.2678 0.00980851 0.0807596 -0.996685 -84.2807 
335 -0.987601 -0.154504 -0.0277873 18.1462 -0.156203 0.984798 0.0759787 5.15664 0.0156259 0.0793771 -0.996722 -86.2748 
338 -0.987288 -0.155094 -0.0347538 17.5516 -0.157367 0.98455 0.0767875 5.38027 0.0223075 0.0812805 -0.996442 -88.8113 
341 -0.987353 -0.153388 -0.040081 17.0891 -0.156064 0.984862 0.0754431 5.3285 0.0279021 0.0807442 -0.996344 -90.7695 
344 -0.987461 -0.151141 -0.0455642 16.6024 -0.154221 0.985257 0.0740567 5.26075 0.0336995 0.0801551 -0.996213 -92.741 
347 -0.987637 -0.148064 -0.0514841 16.0529 -0.151701 0.985508 0.0758954 5.47507 0.0395007 0.0827673 -0.995786 -94.7041 
349 -0.987392 -0.147783 -0.0567142 15.5643 -0.151963 0.985283 0.0782672 5.77178 0.0443129 0.0858988 -0.995318 -96.0333 
351 -0.987343 -0.146004 -0.0619378 15.0884 -0.150613 0.985532 0.0777312 5.75309 0.0496926 0.086076 -0.995049 -97.4092 
353 -0.987148 -0.145341 -0.0664428 14.6315 -0.150249 0.98572 0.0760406 5.65117 0.0544422 0.0850463 -0.994889 -98.7051 
355 -0.986535 -0.147226 -0.0712329 14.1705 -0.152471 0.98547 0.0748418 5.64461 0.0591792 0.084695 -0.994648 -100.024 
357 -0.986001 -0.147047 -0.0786082 13.4385 -0.152986 0.98532 0.0757674 5.84925 0.0663129 0.0867327 -0.994022 -102.001 
359 -0.985506 -0.147818 -0.0832306 12.9786 -0.154176 0.985119 0.0759604 5.96548 0.0707637 0.0876916 -0.993631 -103.311 
361 -0.985023 -0.148217 -0.0880954 12.4833 -0.155057 0.984928 0.0766452 6.12145 0.0754075 0.0891572 -0.993159 -104.633 
363 -0.984529 -0.14727 -0.094941 11.7747 -0.154853 0.984842 0.078151 6.37227 0.0819926 0.0916439 -0.992411 -106.617 
365 -0.984324 -0.145606 -0.0995236 11.2897 -0.153676 0.984968 0.0788738 6.48567 0.0865431 0.0929317 -0.991904 -107.928 
367 -0.983758 -0.145597 -0.104983 10.7349 -0.154133 0.984938 0.0783571 6.50886 0.091993 0.0932657 -0.991382 -109.349 
368 -0.98305 -0.145161 -0.11199 9.94776 -0.154146 0.985105 0.0762033 6.3348 0.0992601 0.0921744 -0.990783 -110.587 
370 -0.982161 -0.145831 -0.118714 9.21644 -0.155303 0.985028 0.0748405 6.27464 0.106023 0.0919421 -0.990104 -111.921 
372 -0.981044 -0.14807 -0.125013 8.52894 -0.15819 0.984534 0.075289 6.45475 0.111931 0.0936376 -0.989294 -113.23 
374 -0.979479 -0.149467 -0.135204 7.3842 -0.160793 0.983974 0.0770814 6.81711 0.121516 0.0972394 -0.987815 -115.203 
376 -0.97853 -0.149833 -0.141524 6.66232 -0.161803 0.9838 0.0771868 6.92253 0.127666 0.0984285 -0.986921 -116.518 
378 -0.976989 -0.151458 -0.150176 5.66884 -0.163719 0.98381 0.0728898 6.5691 0.136705 0.0957993 -0.985969 -118.484 
380 -0.975955 -0.152665 -0.155583 5.04034 -0.16526 0.983659 0.0714472 6.50338 0.142133 0.0954408 -0.985236 -119.804 
382 -0.974848 -0.154122 -0.160993 4.40438 -0.167229 0.983341 0.0712389 6.5943 0.147332 0.0963698 -0.984381 -121.092 
384 -0.973555 -0.153701 -0.169019 3.42172 -0.168054 0.98299 0.0740915 7.07083 0.154756 0.100536 -0.982824 -123.11 
387 -0.972415 -0.153109 -0.175975 2.57295 -0.168457 0.982792 0.0757814 7.38126 0.161344 0.103335 -0.981473 -124.853 
389 -0.972 -0.151604 -0.179531 2.12954 -0.167329 0.982978 0.0758667 7.43161 0.164974 0.103783 -0.980822 -126.107 
390 -0.971776 -0.150122 -0.181977 1.82688 -0.16605 0.983214 0.0756208 7.43534 0.16757 0.103704 -0.980391 -127.352 
392 -0.971584 -0.147981 -0.184732 1.4724 -0.163912 0.983689 0.0740863 7.25501 0.170755 0.102261 -0.979993 -128.601 
394 -0.971141 -0.147433 -0.187479 1.1165 -0.163314 0.983928 0.0722095 7.06549 0.17382 0.100744 -0.979611 -129.86 
396 -0.970531 -0.146926 -0.191002 0.661889 -0.163212 0.983927 0.072452 7.18905 0.177287 0.101491 -0.978912 -131.716 
399 -0.9699 -0.146346 -0.19462 0.188749 -0.163006 0.983961 0.0724512 7.28126 0.180896 0.101995 -0.978199 -133.588 
401 -0.969297 -0.145437 -0.198272 -0.29936 -0.162707 0.983918 0.0737012 7.53545 0.184364 0.103699 -0.977372 -135.478 
404 -0.968863 -0.1432 -0.201987 -0.806091 -0.160814 0.984237 0.0735902 7.56659 0.188266 0.103781 -0.976619 -137.389 
406 -0.967573 -0.145731 -0.206314 -1.40168 -0.163345 0.984011 0.0709962 7.38809 0.192669 0.102395 -0.975907 -139.367 
408 -0.966547 -0.147715 -0.209684 -1.85765 -0.165856 0.983544 0.0716452 7.60984 0.195651 0.104026 -0.975141 -140.564 
410 -0.965565 -0.149774 -0.212725 -2.27923 -0.168248 0.98315 0.0714742 7.72577 0.198436 0.104804 -0.974494 -141.84 
412 -0.964743 -0.148593 -0.217233 -2.92403 -0.167296 0.983397 0.0702997 7.63325 0.203181 0.104164 -0.973585 -143.769 
415 -0.963813 -0.148155 -0.221616 -3.55591 -0.167224 0.983444 0.0698101 7.66106 0.207605 0.104343 -0.972632 -145.694 
417 -0.963159 -0.146179 -0.225737 -4.16814 -0.165473 0.9838 0.068958 7.5896 0.212 0.103771 -0.971745 -147.613 
420 -0.962404 -0.145301 -0.22949 -4.72586 -0.165135 0.98381 0.0696236 7.7842 0.215658 0.104903 -0.970818 -149.654 
422 -0.962061 -0.143116 -0.232283 -5.16381 -0.162922 0.984269 0.0683476 7.59678 0.218848 0.103599 -0.970244 -150.82 
423 -0.961194 -0.144283 -0.235136 -5.59444 -0.16382 0.984301 0.0656855 7.29768 0.221967 0.101656 -0.96974 -152.141 
426 -0.960031 -0.144585 -0.239659 -6.28709 -0.165144 0.983927 0.0679412 7.77794 0.225984 0.104804 -0.968477 -154.086 
429 -0.95871 -0.144808 -0.244756 -7.06629 -0.166151 0.983696 0.0688191 8.08285 0.2308 0.106644 -0.967139 -156.81 
432 -0.957884 -0.143435 -0.248764 -7.70742 -0.165449 0.983741 0.0698573 8.31651 0.2347 0.108073 -0.966042 -158.635 
434 -0.956219 -0.150042 -0.251262 -8.07432 -0.17296 0.982321 0.0716309 8.91013 0.236073 0.111953 -0.965265 -159.926 
436 -0.955759 -0.148798 -0.253739 -8.47927 -0.171729 0.982609 0.0706297 8.78587 0.238817 0.111079 -0.964691 -161.243 
438 -0.954639 -0.153478 -0.255162 -8.68774 -0.176028 0.982042 0.0678822 8.56014 0.240162 0.109719 -0.964512 -162.581 
440 -0.953653 -0.156847 -0.256796 -8.93326 -0.17969 0.981377 0.0678989 8.75388 0.241364 0.110896 -0.964078 -163.895 
442 -0.95351 -0.154763 -0.258589 -9.23353 -0.177663 0.981772 0.0675281 8.69443 0.243424 0.11033 -0.963624 -165.209 
444 -0.952989 -0.156106 -0.259697 -9.40541 -0.178408 0.98184 0.0644975 8.29431 0.244913 0.107797 -0.963534 -166.535 
446 -0.952602 -0.156179 -0.261068 -9.63331 -0.177928 0.982107 0.0617111 7.89232 0.246759 0.105238 -0.963346 -167.876 
448 -0.952327 -0.155928 -0.26222 -9.82855 -0.177911 0.982082 0.0621447 8.03369 0.247831 0.105834 -0.963005 -169.195 
450 -0.951684 -0.158176 -0.263206 -9.98369 -0.181891 0.980954 0.0681578 9.24718 0.247412 0.11274 -0.962329 -170.531 
452 -0.950705 -0.162661 -0.264011 -10.1004 -0.188162 0.979331 0.0741947 10.5657 0.246486 0.120214 -0.961662 -171.765 
454 -0.951188 -0.159536 -0.264179 -10.1344 -0.184498 0.980164 0.0723773 10.2035 0.247392 0.117585 -0.961754 -173.153 
456 -0.951125 -0.16085 -0.263605 -10.0159 -0.184244 0.980635 0.0664026 9.24263 0.24782 0.111725 -0.962342 -174.594 
459 -0.951306 -0.16004 -0.263445 -9.97116 -0.183043 0.98095 0.0650568 9.06891 0.248015 0.110111 -0.962478 -176.664 
462 -0.953211 -0.149489 -0.262758 -9.87222 -0.171727 0.983085 0.0636768 8.50315 0.248794 0.10582 -0.962758 -178.689 
465 -0.95451 -0.140452 -0.263027 -9.95386 -0.163649 0.984148 0.0683536 9.13928 0.249257 0.108288 -0.962364 -180.8 
468 -0.954571 -0.136989 -0.264628 -10.2597 -0.162153 0.983865 0.0756065 10.4887 0.250001 0.115082 -0.961382 -182.761 
471 -0.953631 -0.14128 -0.265758 -10.4408 -0.16551 0.98365 0.0709898 9.88535 0.251383 0.111684 -0.961422 -184.698 
474 -0.951975 -0.147257 -0.268438 -10.9023 -0.170875 0.983031 0.066723 9.43521 0.254057 0.109388 -0.960984 -186.861 
476 -0.951028 -0.14935 -0.270629 -11.3068 -0.173421 0.982553 0.0671892 9.69798 0.255873 0.110832 -0.960336 -188.183 
478 -0.950072 -0.152048 -0.27248 -11.6445 -0.176802 0.981854 0.0685769 10.1687 0.257108 0.113328 -0.959715 -189.493 
480 -0.949773 -0.151204 -0.273985 -11.9343 -0.177659 0.981282 0.0743174 11.3495 0.257619 0.11926 -0.958858 -190.74 
482 -0.949572 -0.149383 -0.275678 -12.2704 -0.177233 0.981001 0.0788974 12.2706 0.258654 0.123778 -0.958007 -192.01 
484 -0.949512 -0.146583 -0.277381 -12.6159 -0.174105 0.981696 0.077206 11.8963 0.260986 0.121601 -0.957653 -193.348 
486 -0.94902 -0.146236 -0.279241 -12.9861 -0.172412 0.982429 0.0714632 10.802 0.263884 0.115964 -0.957558 -194.703 
488 -0.948673 -0.144754 -0.281186 -13.3819 -0.170554 0.9829 0.069422 10.4005 0.266329 0.113816 -0.957139 -196.009 
490 -0.948121 -0.145667 -0.282575 -13.6517 -0.172131 0.982507 0.0710672 10.8562 0.267279 0.11602 -0.956609 -197.283 
492 -0.947015 -0.149711 -0.284163 -13.9543 -0.176148 0.981891 0.0697284 10.8468 0.268578 0.116089 -0.956237 -198.566 
494 -0.946472 -0.150368 -0.285621 -14.2403 -0.177086 0.981704 0.0699902 11.0097 0.269871 0.116823 -0.955783 -199.839 
496 -0.94635 -0.149123 -0.286678 -14.463 -0.177046 0.981422 0.0739303 11.8489 0.270327 0.120719 -0.95517 -200.92 
498 -0.946432 -0.148596 -0.28668 -14.4487 -0.1766 0.981475 0.0742867 11.9765 0.270331 0.120935 -0.955142 -202.321 
500 -0.946169 -0.148546 -0.287574 -14.6399 -0.175869 0.981814 0.071487 11.4588 0.271726 0.118214 -0.955087 -203.529 
502 -0.945523 -0.152094 -0.287843 -14.6702 -0.178421 0.981643 0.0673948 10.8244 0.272308 0.115081 -0.955303 -204.87 
504 -0.945812 -0.151476 -0.28722 -14.5328 -0.177338 0.981927 0.0661164 10.5841 0.272014 0.113469 -0.95558 -206.159 
506 -0.946275 -0.150411 -0.286251 -14.3247 -0.177109 0.981725 0.0696295 11.3487 0.270546 0.116586 -0.955621 -207.243 
508 -0.94659 -0.149858 -0.285501 -14.1527 -0.177198 0.981515 0.0723119 11.9794 0.269387 0.11904 -0.955646 -208.657 
510 -0.946996 -0.147932 -0.285156 -14.0782 -0.175146 0.981886 0.0722745 11.9463 0.269299 0.118388 -0.955752 -209.901 
512 -0.947089 -0.146241 -0.285719 -14.1981 -0.173571 0.982138 0.0726529 12.0092 0.26999 0.118401 -0.955556 -211.061 
514 -0.94703 -0.146405 -0.285832 -14.2205 -0.173184 0.982354 0.0706319 11.645 0.270447 0.116392 -0.955673 -212.381 
516 -0.946246 -0.150405 -0.286352 -14.3066 -0.176058 0.982172 0.0658971 10.8612 0.271336 0.112769 -0.955856 -213.635 
518 -0.945677 -0.153335 -0.286676 -14.3534 -0.178494 0.981881 0.0636295 10.5635 0.271725 0.111343 -0.955912 -214.791 
520 -0.945469 -0.153007 -0.287535 -14.5364 -0.178796 0.981702 0.0655186 11.0461 0.272249 0.113356 -0.955526 -216.075 
522 -0.945539 -0.152009 -0.287836 -14.5996 -0.178323 0.981664 0.0673617 11.4811 0.272318 0.115021 -0.955308 -217.264 
524 -0.945336 -0.151403 -0.28882 -14.8251 -0.177835 0.981748 0.067426 11.5377 0.273339 0.115102 -0.955006 -218.408 
526 -0.94536 -0.149605 -0.289677 -15.0127 -0.176548 0.981865 0.0690751 11.891 0.27409 0.116443 -0.954629 -219.641 
528 -0.945319 -0.148054 -0.290607 -15.2299 -0.175609 0.981897 0.0709985 12.3267 0.274835 0.118149 -0.954205 -220.81 
530 -0.945015 -0.147473 -0.291886 -15.5197 -0.175092 0.982008 0.0707285 12.3099 0.276204 0.117946 -0.953834 -221.988 
532 -0.944152 -0.148343 -0.29423 -16.0367 -0.175888 0.981966 0.0693245 12.1058 0.27864 0.117204 -0.953217 -223.082 
534 -0.943581 -0.147656 -0.296398 -16.5462 -0.174771 0.982325 0.0670207 11.6084 0.281264 0.115041 -0.95271 -224.33 
536 -0.94281 -0.147857 -0.298743 -17.082 -0.174898 0.982389 0.0657508 11.396 0.28376 0.11424 -0.952066 -225.496 
538 -0.941967 -0.148016 -0.301313 -17.6745 -0.175943 0.982076 0.0676024 11.9231 0.285906 0.116693 -0.951126 -226.619 
539 -0.941214 -0.14923 -0.303061 -18.0485 -0.178121 0.981524 0.0698769 12.5732 0.287034 0.119751 -0.950406 -227.064 
541 -0.940418 -0.147433 -0.306393 -18.8741 -0.177602 0.9814 0.0728763 13.2877 0.28995 0.12295 -0.949111 -228.215 
543 -0.939513 -0.145647 -0.310004 -19.7439 -0.176563 0.981506 0.0739656 13.5438 0.293498 0.124227 -0.947854 -229.288 
545 -0.938579 -0.145103 -0.313072 -20.4793 -0.176234 0.981609 0.0733876 13.4604 0.296665 0.124054 -0.94689 -230.393 
547 -0.937598 -0.143498 -0.316731 -21.3627 -0.174995 0.981845 0.0731899 13.4133 0.300479 0.124049 -0.945687 -231.484 
549 -0.936352 -0.143921 -0.320205 -22.1943 -0.175583 0.981817 0.0721508 13.2687 0.303999 0.123781 -0.944597 -232.572 
551 -0.935141 -0.143573 -0.323879 -23.0873 -0.175665 0.981816 0.0719701 13.2946 0.307656 0.124196 -0.943357 -233.639 
553 -0.93385 -0.143941 -0.327423 -23.9201 -0.176255 0.981774 0.0710951 13.1847 0.311222 0.124102 -0.942199 -234.644 
555 -0.932738 -0.143274 -0.330867 -24.7912 -0.175362 0.982076 0.0690942 12.7398 0.315038 0.122468 -0.941144 -235.786 
557 -0.931522 -0.143057 -0.334369 -25.6543 -0.175451 0.982095 0.0686085 12.6929 0.318567 0.122576 -0.939942 -236.831 
559 -0.930147 -0.143049 -0.338177 -26.5985 -0.176381 0.981843 0.0698103 13.0862 0.32205 0.124582 -0.93849 -237.846 
561 -0.929184 -0.142067 -0.341226 -27.3581 -0.175976 0.981874 0.070399 13.2633 0.325039 0.125461 -0.937341 -238.885 
563 -0.928262 -0.14029 -0.344454 -28.1781 -0.175081 0.981925 0.0719024 13.6298 0.32814 0.127052 -0.936046 -239.893 
565 -0.927084 -0.139283 -0.348018 -29.085 -0.174792 0.981922 0.0726465 13.8512 0.331608 0.12818 -0.934669 -240.893 
567 -0.925976 -0.137817 -0.351533 -29.9849 -0.173549 0.982183 0.0720866 13.7088 0.335335 0.127759 -0.933396 -241.915 
569 -0.925088 -0.135638 -0.354704 -30.7931 -0.170982 0.982776 0.0701192 13.1489 0.339084 0.125514 -0.932346 -242.931 
571 -0.92419 -0.134114 -0.357613 -31.5574 -0.169868 0.982952 0.0703631 13.2037 0.34208 0.125776 -0.931215 -243.966 
573 -0.922889 -0.13371 -0.361105 -32.4567 -0.170105 0.982879 0.0708019 13.3836 0.345456 0.126768 -0.929833 -244.935 
575 -0.92167 -0.131915 -0.36486 -33.4416 -0.168373 0.983247 0.069832 13.1098 0.349536 0.125794 -0.92844 -245.909 
577 -0.920044 -0.131328 -0.36915 -34.57 -0.167252 0.983641 0.0669094 12.3969 0.354325 0.123301 -0.926958 -246.873 
579 -0.918212 -0.131534 -0.373613 -35.744 -0.167569 0.983681 0.0655146 12.1358 0.358898 0.122762 -0.925268 -247.798 
581 -0.916034 -0.1321 -0.378724 -37.0937 -0.169205 0.98335 0.0662686 12.4797 0.363664 0.124786 -0.923134 -248.654 
583 -0.914234 -0.130335 -0.383652 -38.4169 -0.168726 0.983314 0.068016 12.9398 0.368386 0.126914 -0.920969 -249.491 
585 -0.912293 -0.130661 -0.388135 -39.6131 -0.170067 0.983027 0.0688089 13.2768 0.372556 0.128783 -0.91903 -250.323 
587 -0.91037 -0.130984 -0.392516 -40.7935 -0.170453 0.983066 0.0672811 12.9823 0.377057 0.128156 -0.917281 -251.156 
589 -0.90869 -0.129469 -0.396888 -41.9896 -0.168359 0.983606 0.0646031 12.2469 0.382018 0.125524 -0.915591 -252.002 
591 -0.906821 -0.129451 -0.401147 -43.1463 -0.168109 0.983781 0.0625556 11.777 0.386543 0.124163 -0.913875 -252.825 
593 -0.90485 -0.132018 -0.404743 -44.1065 -0.171645 0.983139 0.0630546 12.1731 0.389595 0.126527 -0.912254 -253.613 
595 -0.902391 -0.136945 -0.408578 -45.124 -0.180024 0.981259 0.0687115 14.1776 0.391512 0.135559 -0.910133 -254.282 
598 -0.90215 -0.121262 -0.41403 -46.739 -0.16609 0.983338 0.0738994 14.686 0.39817 0.135434 -0.907258 -255.392 
601 -0.900777 -0.120699 -0.417171 -47.6094 -0.163973 0.984024 0.0693542 13.4724 0.402136 0.130878 -0.906178 -256.694 
604 -0.899526 -0.116873 -0.420943 -48.6935 -0.161068 0.984395 0.0708789 13.7463 0.40609 0.131558 -0.904314 -257.739 
607 -0.898507 -0.113428 -0.424051 -49.5869 -0.158646 0.98465 0.0727706 14.1531 0.409287 0.132659 -0.90271 -258.996 
610 -0.896878 -0.112764 -0.427661 -50.6158 -0.158373 0.984715 0.0724892 14.1404 0.41295 0.132744 -0.901028 -260.112 
613 -0.895004 -0.114427 -0.431131 -51.5899 -0.160244 0.984494 0.0713623 14.0485 0.41628 0.132956 -0.899463 -261.207 
616 -0.893411 -0.113553 -0.434653 -52.605 -0.159448 0.984687 0.0704894 13.8363 0.419992 0.13228 -0.897835 -262.262 
620 -0.891281 -0.114521 -0.438752 -53.7757 -0.1608 0.984525 0.0696729 13.8124 0.423983 0.132649 -0.895903 -263.617 
623 -0.889439 -0.115329 -0.442263 -54.7915 -0.162699 0.984149 0.0705683 14.2463 0.427114 0.134722 -0.894105 -264.531 
626 -0.887804 -0.116577 -0.445211 -55.6392 -0.164692 0.9838 0.0708101 14.5147 0.429744 0.136188 -0.892621 -265.436 
629 -0.886028 -0.116857 -0.448664 -56.6517 -0.16553 0.983668 0.0706892 14.6054 0.433076 0.1369 -0.8909 -266.275 
632 -0.884526 -0.117437 -0.451466 -57.4784 -0.166244 0.983608 0.0698496 14.4826 0.435862 0.136837 -0.88955 -266.898 
636 -0.882518 -0.116396 -0.455647 -58.7224 -0.165849 0.983668 0.0699432 14.5673 0.440065 0.137295 -0.887408 -268.142 
639 -0.881237 -0.116334 -0.458135 -59.461 -0.166069 0.983651 0.0696602 14.5596 0.442541 0.137469 -0.886149 -268.904 
642 -0.879849 -0.11618 -0.460833 -60.2681 -0.165431 0.983888 0.0678028 14.0698 0.445531 0.135892 -0.884893 -269.638 
646 -0.877917 -0.117364 -0.464205 -61.2703 -0.16585 0.984015 0.0648727 13.3771 0.449171 0.133941 -0.883349 -270.616 
650 -0.876093 -0.117868 -0.467513 -62.2689 -0.166929 0.983839 0.0647721 13.4932 0.452323 0.134788 -0.88161 -271.532 
655 -0.873883 -0.118031 -0.47159 -63.5086 -0.168474 0.983491 0.0660394 14.0293 0.45601 0.137161 -0.879342 -272.636 
659 -0.872416 -0.118597 -0.474157 -64.2864 -0.169705 0.983262 0.0663093 14.2529 0.458356 0.138316 -0.87794 -273.572 
663 -0.871184 -0.118863 -0.476351 -64.9546 -0.170324 0.983164 0.066173 14.316 0.460465 0.138783 -0.876762 -274.321 
668 -0.869862 -0.118197 -0.478925 -65.756 -0.170164 0.983175 0.0664221 14.453 0.463016 0.139274 -0.875339 -275.679 
672 -0.868937 -0.117362 -0.480806 -66.3448 -0.169835 0.983196 0.0669422 14.6292 0.46487 0.139826 -0.874268 -276.59 
676 -0.868132 -0.114986 -0.48283 -66.9942 -0.168091 0.983422 0.0680265 14.8542 0.467003 0.140215 -0.873068 -277.464 
680 -0.867621 -0.113593 -0.484077 -67.3942 -0.166333 0.983772 0.0672714 14.5694 0.46858 0.138884 -0.872435 -278.424 
685 -0.866423 -0.113675 -0.486199 -68.0578 -0.166133 0.983891 0.0660166 14.2702 0.470863 0.137972 -0.871351 -279.557 
689 -0.865907 -0.112709 -0.487341 -68.4213 -0.165642 0.983924 0.0667564 14.491 0.471982 0.138529 -0.870656 -280.431 
692 -0.865398 -0.113678 -0.48802 -68.6212 -0.166528 0.983816 0.0661355 14.4265 0.472604 0.138503 -0.870323 -281.087 
697 -0.863893 -0.119111 -0.489389 -69.0085 -0.171398 0.983168 0.0632711 14.0654 0.473615 0.13854 -0.869767 -282.135 
701 -0.862367 -0.123595 -0.490967 -69.4841 -0.175643 0.982552 0.0611665 13.855 0.47484 0.138983 -0.869028 -282.777 
706 -0.864676 -0.109622 -0.490224 -69.3541 -0.162128 0.984573 0.0658009 14.1549 0.475448 0.136376 -0.869109 -283.949 
711 -0.863768 -0.119355 -0.48955 -69.043 -0.168903 0.983917 0.0581295 12.5721 0.474739 0.132897 -0.870035 -285.068 
716 -0.863701 -0.115374 -0.490621 -69.4197 -0.167192 0.983912 0.0629535 13.8553 0.475465 0.136401 -0.869096 -285.84 
721 -0.864331 -0.111754 -0.49035 -69.3588 -0.165497 0.983899 0.067482 15.0585 0.474914 0.139478 -0.868909 -286.661 
726 -0.863708 -0.11398 -0.490935 -69.5294 -0.167215 0.983723 0.0657927 14.7604 0.475445 0.138917 -0.868708 -287.435 
731 -0.863115 -0.115913 -0.491526 -69.7044 -0.16951 0.983332 0.065765 14.9863 0.47571 0.140081 -0.868376 -288.13 
736 -0.863414 -0.114946 -0.491227 -69.6113 -0.167306 0.983835 0.0638532 14.2941 0.475946 0.137317 -0.868688 -288.891 
742 -0.862458 -0.119545 -0.491809 -69.7452 -0.171391 0.983278 0.061552 14.0042 0.476227 0.137378 -0.868525 -289.527 
747 -0.862653 -0.121377 -0.491016 -69.4847 -0.173837 0.982791 0.0624681 14.5111 0.474985 0.139245 -0.868908 -290.312 
754 -0.863158 -0.123002 -0.489724 -69.0346 -0.175904 0.98237 0.0632989 14.9635 0.473304 0.140781 -0.869577 -291.167 
759 -0.864445 -0.119165 -0.4884 -68.6245 -0.17309 0.982651 0.0666037 15.7186 0.471991 0.142113 -0.870074 -291.841 
765 -0.864258 -0.123341 -0.487695 -68.3497 -0.176537 0.982182 0.064447 15.4222 0.471056 0.141795 -0.870632 -292.597 
772 -0.865913 -0.125037 -0.484315 -67.194 -0.178383 0.981781 0.0654632 15.9043 0.467306 0.143079 -0.872441 -293.548 
780 -0.869206 -0.121855 -0.4792 -65.5162 -0.174158 0.982499 0.0660613 15.776 0.462764 0.140877 -0.875216 -294.907 
786 -0.870951 -0.121302 -0.476161 -64.5018 -0.172798 0.982763 0.0657078 15.5944 0.459983 0.139508 -0.8769 -295.779 
792 -0.872848 -0.121877 -0.472528 -63.2639 -0.171929 0.983026 0.0640367 15.0631 0.456702 0.137135 -0.878986 -296.679 
800 -0.875222 -0.117953 -0.469119 -62.1647 -0.165049 0.984434 0.0604059 13.4532 0.454692 0.130296 -0.881067 -297.887 
806 -0.877212 -0.118363 -0.465285 -60.8682 -0.164285 0.984632 0.0592501 13.0856 0.451121 0.128414 -0.883176 -298.927 
811 -0.878912 -0.12002 -0.461637 -59.6251 -0.163847 0.984901 0.0558866 12.0961 0.447959 0.124757 -0.885307 -299.953 
815 -0.880462 -0.12193 -0.458171 -58.4405 -0.165306 0.984673 0.0556224 12.1792 0.444366 0.124712 -0.887122 -300.9 
819 -0.883256 -0.118416 -0.453692 -56.9453 -0.162056 0.985052 0.0583894 12.7436 0.439996 0.125097 -0.889244 -301.814 
823 -0.887438 -0.116345 -0.446001 -54.3826 -0.159292 0.985413 0.0598958 12.9929 0.432527 0.124198 -0.893026 -303.176 
827 -0.890944 -0.118271 -0.438442 -51.8147 -0.161589 0.984865 0.0626907 14.0708 0.424391 0.126701 -0.896571 -304.581 
831 -0.894312 -0.120787 -0.430832 -49.224 -0.163918 0.984377 0.0642811 14.7918 0.416337 0.128109 -0.90014 -305.846 
834 -0.899549 -0.117423 -0.420743 -45.8419 -0.159687 0.984923 0.0665331 15.1399 0.406586 0.127037 -0.904737 -307.265 
839 -0.906401 -0.119109 -0.405279 -40.6209 -0.159378 0.984943 0.0669782 15.3166 0.391199 0.125302 -0.911736 -309.49 
843 -0.910544 -0.120941 -0.395326 -37.2468 -0.161307 0.984392 0.0703811 16.5615 0.380644 0.127854 -0.91584 -310.908 
846 -0.914091 -0.128188 -0.384715 -33.608 -0.167502 0.98336 0.0703299 17.1663 0.369298 0.128728 -0.920352 -312.394 
849 -0.916669 -0.133308 -0.376759 -30.8713 -0.171262 0.98281 0.0689425 17.1278 0.361092 0.127722 -0.923742 -313.458 
852 -0.922185 -0.129711 -0.364348 -26.7262 -0.165591 0.983786 0.0688822 16.6524 0.349505 0.123855 -0.928712 -315.109 
855 -0.925496 -0.13463 -0.354022 -23.2034 -0.169338 0.983153 0.0688072 17.0185 0.338795 0.12363 -0.932702 -316.279 
858 -0.92805 -0.142074 -0.344294 -19.869 -0.175073 0.982303 0.0665621 16.9039 0.328744 0.12205 -0.936499 -317.43 
861 -0.932662 -0.138519 -0.333097 -16.115 -0.170774 0.982861 0.0694365 17.4364 0.31777 0.121645 -0.940332 -318.413 
863 -0.935953 -0.136429 -0.324622 -13.2896 -0.16727 0.983498 0.0689418 16.9961 0.309859 0.118826 -0.943328 -319.321 
866 -0.939872 -0.137909 -0.312444 -9.18454 -0.165505 0.984165 0.0634617 15.1939 0.298745 0.111357 -0.947814 -320.506 
869 -0.942817 -0.145628 -0.299815 -4.88597 -0.170822 0.983506 0.059461 14.4976 0.28621 0.107276 -0.952143 -321.605 
871 -0.944502 -0.151637 -0.291414 -2.02573 -0.175656 0.982745 0.0579493 14.5138 0.277598 0.105922 -0.95484 -322.19 
873 -0.947577 -0.147433 -0.283481 0.610898 -0.172369 0.982886 0.0649859 16.4197 0.269049 0.110442 -0.956773 -322.858 
876 -0.951102 -0.145352 -0.27254 4.26261 -0.170132 0.982969 0.0694798 17.6643 0.257799 0.11245 -0.959632 -323.754 
879 -0.95438 -0.14748 -0.259632 8.60697 -0.170427 0.983015 0.068087 17.3174 0.245181 0.109229 -0.963304 -324.672 
882 -0.956308 -0.151709 -0.249917 11.8914 -0.172175 0.983111 0.062043 15.6355 0.236284 0.102362 -0.966277 -325.581 
885 -0.959764 -0.149203 -0.23789 15.908 -0.168739 0.983589 0.0638791 15.9359 0.224455 0.10145 -0.969189 -326.474 
888 -0.962817 -0.141259 -0.230279 18.3958 -0.160653 0.984688 0.0676711 16.4236 0.217194 0.10215 -0.970769 -327.332 
891 -0.964346 -0.144365 -0.221801 21.2631 -0.16311 0.984223 0.0685611 16.9914 0.208403 0.102295 -0.972679 -328.056 
894 -0.965814 -0.144015 -0.215551 23.3608 -0.161965 0.984452 0.0679771 16.7487 0.20241 0.100565 -0.974124 -329.085 
896 -0.967012 -0.142109 -0.211408 24.7394 -0.160089 0.984587 0.0704307 17.3862 0.198141 0.101951 -0.974857 -329.656 
898 -0.968002 -0.138686 -0.209138 25.4777 -0.156569 0.98508 0.0714452 17.412 0.196109 0.101904 -0.975273 -330.309 
901 -0.968975 -0.136584 -0.205989 26.5258 -0.154621 0.985192 0.0740911 18.128 0.192819 0.103643 -0.975745 -331.274 
904 -0.969885 -0.133992 -0.203393 27.3838 -0.151742 0.985626 0.0742705 17.9655 0.190518 0.102897 -0.976276 -332.303 
907 -0.970126 -0.135406 -0.201297 28.1111 -0.152718 0.985566 0.0730473 17.7205 0.1885 0.101607 -0.976803 -333.291 
910 -0.970948 -0.13253 -0.199237 28.7928 -0.149108 0.986299 0.0705782 16.6357 0.187153 0.0982355 -0.977407 -334.472 
912 -0.971275 -0.131951 -0.198023 29.2014 -0.1484 0.986404 0.0706018 16.6124 0.186015 0.0979605 -0.977651 -335.186 
915 -0.972037 -0.132787 -0.193678 30.702 -0.148315 0.986603 0.0679453 15.802 0.182061 0.0947707 -0.97871 -336.128 
