0 1 -7.13114e-05 -6.66048e-06 2.07988e-05 7.13108e-05 1 -8.67452e-05 -3.12234e-05 6.66667e-06 8.67448e-05 1 0.000151061 
8 0.987705 0.0119516 -0.155872 -0.0349382 -0.0121382 0.999926 -0.000245552 0.14744 0.155858 0.00213455 0.987777 -2.48816 
11 0.967468 0.0154616 -0.252521 0.118131 -0.0167951 0.999854 -0.00312579 0.208574 0.252436 0.00726521 0.967586 -3.62071 
13 0.952792 0.0168149 -0.303158 0.238808 -0.0195713 0.99979 -0.00605648 0.257136 0.302992 0.0117038 0.952921 -4.19404 
15 0.934186 0.0205982 -0.35619 0.396877 -0.0229947 0.999732 -0.00249482 0.28602 0.356043 0.0105211 0.93441 -4.76307 
17 0.897419 0.0238474 -0.440534 0.735106 -0.0265451 0.999648 3.83883e-05 0.328401 0.440379 0.0116596 0.897736 -5.6218 
19 0.867995 0.027732 -0.495798 1.00221 -0.0305549 0.99953 0.00241523 0.345868 0.495632 0.0130526 0.868435 -6.18978 
21 0.834289 0.037531 -0.550049 1.30938 -0.0410272 0.99914 0.00594524 0.377983 0.549799 0.0176069 0.835111 -6.74289 
23 0.775582 0.0386957 -0.63006 1.8684 -0.0492177 0.998788 0.000756072 0.483539 0.629326 0.0304237 0.776546 -7.57762 
25 0.7323 0.0438428 -0.67957 2.27486 -0.0600609 0.998195 -0.000322213 0.558779 0.678329 0.0410515 0.733611 -8.10508 
27 0.685384 0.046905 -0.72667 2.71969 -0.0712859 0.997452 -0.00285241 0.656702 0.724684 0.0537563 0.686981 -8.61087 
28 0.63505 0.0413636 -0.771363 3.21387 -0.0743537 0.997202 -0.00774011 0.743788 0.768885 0.0622691 0.636348 -9.09595 
30 0.579996 0.0354459 -0.813848 3.7614 -0.0779489 0.996884 -0.0121333 0.834466 0.810881 0.0704758 0.580951 -9.541 
32 0.521955 0.0326604 -0.852348 4.33354 -0.0848062 0.996303 -0.0137565 0.922403 0.848747 0.0794646 0.522795 -9.9566 
34 0.429401 0.0307921 -0.902589 5.24216 -0.0968556 0.995225 -0.012126 1.0331 0.897905 0.0926277 0.430333 -10.5083 
36 0.367038 0.020828 -0.929973 5.87622 -0.0979666 0.995055 -0.0163795 1.12448 0.925033 0.0971182 0.367263 -10.8379 
38 0.308578 0.0114383 -0.95113 6.4768 -0.0947985 0.995319 -0.0187861 1.1647 0.946463 0.0959627 0.308218 -11.1694 
40 0.251575 0.015886 -0.967707 7.05309 -0.0935854 0.995579 -0.00798581 1.08758 0.963303 0.0925724 0.251949 -11.4983 
42 0.198871 0.0162431 -0.979891 7.59847 -0.0904116 0.995903 -0.00184072 1.03094 0.975846 0.0889596 0.199525 -11.824 
44 0.0815495 -0.00654153 -0.996648 8.90709 -0.100391 0.994839 -0.014744 1.35916 0.9916 0.101257 0.0804719 -12.7054 
46 0.0353773 -0.0121673 -0.9993 9.4518 -0.105204 0.994325 -0.0158311 1.47231 0.993821 0.10569 0.0338965 -13.0656 
48 -0.0117301 -0.0148848 -0.99982 10.0112 -0.104578 0.994424 -0.0135776 1.48534 0.994448 0.1044 -0.0132213 -13.3944 
49 -0.0354338 -0.0153029 -0.999255 10.3001 -0.106416 0.994256 -0.0114529 1.50848 0.99369 0.105931 -0.0368588 -13.5542 
50 -0.0574542 -0.0168469 -0.998206 10.5737 -0.109218 0.993963 -0.010489 1.55712 0.992356 0.108419 -0.0589473 -13.7283 
52 -0.097615 -0.0180238 -0.995061 11.0765 -0.113582 0.993505 -0.00685337 1.62386 0.988722 0.112352 -0.0990282 -14.0945 
54 -0.135188 -0.0217791 -0.990581 11.5667 -0.117098 0.993103 -0.00585381 1.71913 0.983876 0.115204 -0.136806 -14.4661 
55 -0.153286 -0.0223932 -0.987928 11.8081 -0.11854 0.992941 -0.00411424 1.75075 0.981046 0.116479 -0.154859 -14.6492 
57 -0.188982 -0.0248946 -0.981665 12.3002 -0.118292 0.992976 -0.00240881 1.77799 0.97483 0.115668 -0.1906 -15.021 
59 -0.223763 -0.0244625 -0.974337 12.7795 -0.118054 0.993005 0.00218059 1.77162 0.967468 0.115512 -0.225085 -15.3838 
61 -0.256478 -0.0192155 -0.966359 13.2585 -0.12075 0.992607 0.0123103 1.77457 0.958978 0.119845 -0.256902 -15.7886 
63 -0.284686 -0.016604 -0.958477 13.671 -0.122186 0.992323 0.0191013 1.7897 0.950802 0.122551 -0.284529 -16.2337 
65 -0.31114 -0.0137237 -0.950265 14.0789 -0.123797 0.991961 0.0262082 1.80962 0.942266 0.125794 -0.310338 -16.684 
67 -0.334634 -0.00930333 -0.942302 14.456 -0.12292 0.991839 0.0338593 1.7761 0.934297 0.127158 -0.333046 -17.1775 
69 -0.355738 -0.00766774 -0.934554 14.817 -0.123358 0.991603 0.0388206 1.79554 0.926409 0.129095 -0.353697 -17.6974 
72 -0.384152 -0.00356913 -0.923263 15.3128 -0.119611 0.991758 0.0459339 1.73192 0.915489 0.128078 -0.381412 -18.4775 
75 -0.414319 0.00615682 -0.910111 15.8676 -0.118506 0.991099 0.0606531 1.67262 0.902384 0.132983 -0.409901 -19.2277 
78 -0.446895 0.00825135 -0.894548 16.5198 -0.121802 0.990084 0.069982 1.77187 0.886255 0.140232 -0.441459 -19.8973 
80 -0.468432 0.00301664 -0.883495 16.9865 -0.127601 0.989279 0.0710323 1.9587 0.874237 0.146009 -0.463025 -20.3189 
82 -0.489782 -0.00214323 -0.871842 17.463 -0.134457 0.988219 0.0731057 2.17196 0.861414 0.153031 -0.484301 -20.7358 
84 -0.511958 -0.00208714 -0.859008 17.9597 -0.140937 0.98665 0.0815994 2.35287 0.84737 0.162842 -0.505417 -21.1261 
86 -0.535802 -0.00558157 -0.844325 18.5206 -0.143175 0.986097 0.0843387 2.45538 0.832116 0.166075 -0.529153 -21.4761 
88 -0.560171 -0.0161861 -0.828219 19.1247 -0.144852 0.986319 0.0786957 2.57614 0.815614 0.164052 -0.554852 -21.7346 
90 -0.586536 -0.0268447 -0.809478 19.8213 -0.145608 0.986661 0.0727848 2.66268 0.796727 0.160557 -0.582621 -21.9695 
92 -0.615637 -0.0326319 -0.787354 20.5826 -0.145541 0.986662 0.0729071 2.70488 0.774474 0.159477 -0.612175 -22.1043 
94 -0.645733 -0.0345679 -0.762781 21.387 -0.145712 0.986195 0.07866 2.7438 0.749532 0.16194 -0.641855 -22.1637 
96 -0.675782 -0.0399544 -0.736018 22.2169 -0.147951 0.985561 0.0823418 2.85801 0.722101 0.16454 -0.671935 -22.0553 
98 -0.704467 -0.0406985 -0.708569 23.0497 -0.145078 0.985532 0.087632 2.81493 0.69475 0.164532 -0.700179 -22.0551 
100 -0.732196 -0.0456372 -0.679563 23.8719 -0.143857 0.985605 0.0888093 2.82127 0.665728 0.162786 -0.728222 -21.9399 
102 -0.759581 -0.051268 -0.648389 24.7373 -0.14268 0.985741 0.0892063 2.83389 0.63457 0.160272 -0.756065 -21.7997 
104 -0.785108 -0.0560206 -0.61682 25.5622 -0.143708 0.985199 0.0934389 2.91642 0.602456 0.162002 -0.781538 -21.5953 
106 -0.809712 -0.058228 -0.583931 26.3856 -0.143028 0.984639 0.100146 2.95259 0.56913 0.164608 -0.805602 -21.392 
108 -0.832001 -0.0631905 -0.551163 27.1788 -0.144004 0.984038 0.10456 3.04539 0.535758 0.166364 -0.82782 -21.1872 
110 -0.852533 -0.0675407 -0.518292 27.9557 -0.141904 0.98428 0.105151 3.02719 0.503042 0.163192 -0.848715 -20.9657 
112 -0.870942 -0.0745855 -0.485692 28.6903 -0.140521 0.98494 0.10073 3.01778 0.470865 0.15598 -0.868307 -20.7895 
114 -0.887645 -0.08034 -0.453466 29.4039 -0.138593 0.98562 0.0966704 2.97216 0.439179 0.148656 -0.886015 -20.6059 
116 -0.902 -0.0861597 -0.423051 30.0581 -0.139274 0.985568 0.0962261 3.03865 0.408655 0.145716 -0.900982 -20.4846 
118 -0.913953 -0.0908706 -0.395515 30.6431 -0.140456 0.985204 0.0982122 3.14125 0.380738 0.145314 -0.913193 -20.4363 
120 -0.924155 -0.0943201 -0.37019 31.169 -0.141231 0.984742 0.101674 3.24374 0.354951 0.146245 -0.923375 -20.4713 
122 -0.932967 -0.0941881 -0.34742 31.6375 -0.137733 0.985121 0.102797 3.1783 0.332568 0.143757 -0.932058 -20.6207 
124 -0.940241 -0.093935 -0.327298 32.0545 -0.134323 0.985569 0.103014 3.10549 0.312898 0.140822 -0.939289 -20.8604 
126 -0.946238 -0.0928352 -0.309862 32.4147 -0.130359 0.986141 0.102632 3.00041 0.29604 0.137507 -0.945226 -21.144 
128 -0.950769 -0.0913323 -0.296138 32.7127 -0.127047 0.986466 0.103655 2.93456 0.282663 0.136175 -0.949504 -21.6135 
131 -0.955565 -0.0887557 -0.281101 33.0396 -0.122665 0.986836 0.105398 2.86683 0.268046 0.135196 -0.953873 -22.4796 
134 -0.959163 -0.0891372 -0.268441 33.3326 -0.120201 0.98754 0.101573 2.80042 0.256042 0.129692 -0.957926 -23.4481 
136 -0.960581 -0.0881261 -0.263661 33.4481 -0.117772 0.988113 0.0988035 2.71902 0.25182 0.125961 -0.959542 -24.2293 
138 -0.961477 -0.0917995 -0.259104 33.5575 -0.119806 0.988297 0.0944247 2.78069 0.247404 0.12183 -0.961223 -24.97 
141 -0.962316 -0.101302 -0.252362 33.7644 -0.127168 0.987938 0.0883506 3.05203 0.240368 0.117114 -0.963591 -26.1819 
144 -0.964178 -0.0984404 -0.246313 33.9377 -0.124125 0.988086 0.0909868 3.05588 0.234422 0.118301 -0.96491 -27.4277 
147 -0.965462 -0.0980137 -0.241406 34.0931 -0.124133 0.987664 0.095447 3.2233 0.229073 0.122117 -0.965719 -28.6934 
150 -0.966352 -0.0962404 -0.23854 34.1562 -0.121931 0.987947 0.095361 3.21067 0.226488 0.121238 -0.966439 -30.0016 
152 -0.967104 -0.0949725 -0.235986 34.2733 -0.120334 0.988132 0.0954709 3.2057 0.224118 0.120727 -0.967055 -30.9585 
154 -0.967645 -0.093337 -0.234418 34.3264 -0.118464 0.988358 0.0954756 3.18111 0.222777 0.120157 -0.967436 -31.8949 
156 -0.968037 -0.0923207 -0.233197 34.3683 -0.117671 0.988282 0.0972192 3.24403 0.221489 0.121552 -0.967558 -32.839 
158 -0.968096 -0.0920211 -0.233073 34.3749 -0.117513 0.988231 0.0979336 3.30884 0.221318 0.122198 -0.967515 -33.8249 
161 -0.968047 -0.0913149 -0.233552 34.3635 -0.116818 0.988329 0.0977756 3.35862 0.221898 0.121934 -0.967416 -35.3522 
163 -0.967737 -0.0941377 -0.233715 34.3667 -0.119272 0.988227 0.0958192 3.4641 0.221943 0.120603 -0.967572 -36.3636 
165 -0.967374 -0.0964643 -0.23427 34.3516 -0.121104 0.98826 0.0931454 3.52055 0.222535 0.118478 -0.967699 -37.3962 
167 -0.967183 -0.0980769 -0.234387 34.351 -0.122697 0.988092 0.0928435 3.63374 0.22249 0.118555 -0.9677 -38.4088 
169 -0.967542 -0.0962105 -0.23368 34.3782 -0.121208 0.988066 0.0950512 3.69235 0.221746 0.12029 -0.967656 -39.4008 
171 -0.967594 -0.0974662 -0.232942 34.4134 -0.122561 0.987829 0.0957722 3.82915 0.220772 0.121218 -0.967763 -40.3739 
173 -0.967897 -0.09504 -0.232684 34.4605 -0.120214 0.988048 0.0964863 3.81505 0.220733 0.121361 -0.967754 -41.4833 
175 -0.968035 -0.0934983 -0.232736 34.4283 -0.118624 0.98825 0.0963879 3.79258 0.220989 0.120915 -0.967752 -42.4487 
177 -0.968318 -0.0909921 -0.232554 34.4358 -0.116079 0.988536 0.0965472 3.74383 0.221103 0.120483 -0.96778 -43.4974 
179 -0.968401 -0.088284 -0.233251 34.4237 -0.113698 0.988686 0.0978358 3.74351 0.221974 0.121264 -0.967482 -44.6119 
181 -0.96797 -0.0861477 -0.235824 34.2925 -0.111704 0.988974 0.097228 3.6878 0.224848 0.120456 -0.96692 -45.715 
183 -0.967222 -0.0857548 -0.239015 34.1509 -0.111498 0.989085 0.0963304 3.70439 0.228145 0.119822 -0.966226 -46.8774 
185 -0.966345 -0.0854749 -0.242634 33.9844 -0.111137 0.98934 0.0941029 3.65881 0.232004 0.117901 -0.965543 -48.068 
187 -0.965544 -0.086186 -0.245552 33.8525 -0.112106 0.989279 0.0935916 3.7385 0.234853 0.117895 -0.964855 -49.232 
189 -0.964842 -0.0861829 -0.248299 33.724 -0.1122 0.989363 0.0925852 3.76009 0.237678 0.117189 -0.964249 -50.4009 
191 -0.964169 -0.0864006 -0.250825 33.6272 -0.112652 0.989344 0.0922367 3.82935 0.240183 0.117188 -0.963628 -51.6179 
194 -0.963228 -0.0853773 -0.254759 33.4087 -0.112042 0.989432 0.0920342 3.87492 0.244209 0.117194 -0.962615 -53.3486 
197 -0.962211 -0.0850421 -0.258685 33.2133 -0.112608 0.989216 0.0936586 4.06426 0.24793 0.119249 -0.96141 -55.1259 
200 -0.961408 -0.0824844 -0.262471 33.0384 -0.11099 0.989205 0.0956766 4.17907 0.251746 0.121116 -0.960185 -57.0257 
203 -0.960545 -0.0795311 -0.266511 32.7746 -0.10827 0.98958 0.0949163 4.10294 0.256186 0.120027 -0.959147 -58.721 
205 -0.959935 -0.0776707 -0.269244 32.6169 -0.106394 0.989893 0.0937647 4.01681 0.25924 0.118654 -0.958497 -59.9405 
208 -0.959309 -0.075789 -0.271995 32.4505 -0.104914 0.990013 0.0941657 4.05871 0.262142 0.11887 -0.95768 -61.7145 
211 -0.958659 -0.0752785 -0.274418 32.3021 -0.105197 0.989809 0.0959734 4.25763 0.264397 0.120874 -0.956809 -63.4787 
214 -0.958018 -0.0748475 -0.276765 32.1723 -0.104548 0.990054 0.0941436 4.22527 0.266966 0.119126 -0.956315 -65.3366 
217 -0.957261 -0.0766712 -0.278879 32.0301 -0.105823 0.990212 0.091005 4.20804 0.269171 0.116627 -0.956005 -67.0531 
220 -0.956614 -0.0762283 -0.281209 31.8765 -0.105618 0.990247 0.0908598 4.28574 0.27154 0.116618 -0.955336 -68.8519 
223 -0.956136 -0.077591 -0.282459 31.8051 -0.107066 0.99013 0.0904362 4.43062 0.272654 0.116711 -0.955007 -70.6233 
225 -0.955958 -0.0774717 -0.283094 31.7682 -0.106889 0.990192 0.0899671 4.45954 0.273348 0.116264 -0.954863 -71.8136 
227 -0.955541 -0.0788179 -0.284128 31.7059 -0.108022 0.990192 0.0886023 4.4996 0.274358 0.115355 -0.954684 -73.018 
229 -0.955208 -0.0777245 -0.285545 31.6038 -0.107175 0.990251 0.0889796 4.54576 0.275845 0.115597 -0.954226 -74.2395 
232 -0.954209 -0.078191 -0.288742 31.3696 -0.108093 0.990141 0.0890865 4.69883 0.27893 0.116218 -0.953253 -76.1112 
235 -0.953194 -0.0760408 -0.29264 31.0675 -0.107681 0.989774 0.0935543 5.06641 0.282534 0.120687 -0.951635 -78.016 
238 -0.95178 -0.0726964 -0.298042 30.6286 -0.106221 0.989516 0.0978548 5.37523 0.287804 0.124795 -0.949524 -79.9851 
241 -0.949245 -0.0697425 -0.306708 29.9178 -0.103536 0.990049 0.0953104 5.15902 0.297008 0.122228 -0.94702 -82.1643 
244 -0.946518 -0.0687842 -0.315235 29.1792 -0.102609 0.990461 0.0919738 4.97413 0.305902 0.119401 -0.944546 -84.2179 
247 -0.944109 -0.0683183 -0.322477 28.552 -0.102885 0.990487 0.0913756 5.04617 0.313167 0.119447 -0.942157 -86.2763 
250 -0.941907 -0.0677345 -0.328974 27.973 -0.104131 0.990084 0.0942885 5.43755 0.319326 0.123067 -0.93962 -88.3049 
253 -0.939585 -0.0677726 -0.335541 27.3733 -0.105014 0.990009 0.0940996 5.5785 0.325811 0.123651 -0.937314 -90.3566 
256 -0.937379 -0.0683903 -0.34153 26.8166 -0.106011 0.990034 0.092711 5.63146 0.331786 0.123111 -0.935287 -92.3832 
259 -0.935401 -0.0677716 -0.347033 26.2878 -0.10657 0.989857 0.0939437 5.86749 0.337146 0.124858 -0.933136 -94.3806 
261 -0.933541 -0.0663704 -0.352272 25.7703 -0.105469 0.990068 0.0929626 5.82878 0.342604 0.123938 -0.931269 -96.3598 
264 -0.931857 -0.0638504 -0.357163 25.2686 -0.102668 0.990564 0.0907822 5.58587 0.347996 0.121265 -0.92962 -98.3395 
266 -0.930064 -0.0607729 -0.362336 24.7126 -0.100532 0.990682 0.0918877 5.64785 0.353376 0.121888 -0.927507 -100.14 
269 -0.927945 -0.0594199 -0.36795 24.127 -0.101165 0.990304 0.0952069 6.0865 0.358725 0.12557 -0.924959 -102.228 
272 -0.924948 -0.0572056 -0.375764 23.2682 -0.0988238 0.990804 0.092418 5.83789 0.367022 0.122616 -0.922096 -104.86 
275 -0.923433 -0.0602397 -0.379002 22.9348 -0.101535 0.99076 0.0899151 5.87999 0.370084 0.121513 -0.921017 -106.766 
277 -0.922509 -0.0599569 -0.38129 22.6746 -0.1017 0.990711 0.0902696 5.98882 0.372336 0.122052 -0.920038 -108.036 
278 -0.921584 -0.0589001 -0.383684 22.3956 -0.100894 0.990796 0.0902422 5.99555 0.374837 0.121877 -0.919045 -109.205 
281 -0.919286 -0.0584834 -0.389222 21.7546 -0.101704 0.99061 0.0913636 6.26255 0.380224 0.123575 -0.916602 -111.302 
284 -0.916422 -0.0574028 -0.396075 20.9377 -0.102176 0.990422 0.0928698 6.57541 0.38695 0.125577 -0.91351 -113.944 
287 -0.913963 -0.0578215 -0.401656 20.2589 -0.103051 0.99042 0.091912 6.64275 0.392494 0.125395 -0.911166 -115.925 
290 -0.909752 -0.056576 -0.411279 19.0459 -0.102055 0.990748 0.0894583 6.46858 0.402413 0.123358 -0.907109 -118.74 
293 -0.905592 -0.0582286 -0.420133 17.9175 -0.105439 0.990343 0.0900163 6.85728 0.410834 0.125817 -0.902987 -120.692 
295 -0.902616 -0.0593388 -0.426338 17.1131 -0.10773 0.990073 0.0902787 7.10783 0.416748 0.127416 -0.900048 -122.038 
296 -0.899804 -0.0596018 -0.432204 16.3359 -0.109046 0.989907 0.0905119 7.29451 0.422447 0.128573 -0.897222 -123.385 
299 -0.895272 -0.0600095 -0.44146 15.0856 -0.109389 0.990163 0.0872414 7.08104 0.431882 0.126396 -0.893029 -125.437 
301 -0.890722 -0.0620393 -0.450295 13.8806 -0.111563 0.990179 0.0842605 7.01665 0.440645 0.125289 -0.888895 -127.452 
304 -0.886804 -0.0616263 -0.458018 12.7927 -0.112165 0.990137 0.0839478 7.13372 0.448328 0.125819 -0.88497 -129.465 
307 -0.882534 -0.0620396 -0.466138 11.6293 -0.114765 0.989701 0.0855604 7.638 0.456029 0.129006 -0.880565 -132.024 
309 -0.880532 -0.0596736 -0.470215 11.0154 -0.113247 0.989798 0.0864559 7.70204 0.460259 0.129378 -0.878307 -133.329 
311 -0.878691 -0.0583612 -0.47381 10.4742 -0.112284 0.989921 0.086301 7.68586 0.463998 0.129033 -0.876388 -134.627 
313 -0.876422 -0.0568866 -0.478172 9.81253 -0.111211 0.990065 0.0860489 7.683 0.468526 0.128593 -0.874041 -136.553 
316 -0.874344 -0.0549196 -0.48219 9.16499 -0.110148 0.990104 0.0869591 7.82467 0.472642 0.129144 -0.87174 -138.683 
319 -0.871428 -0.0540952 -0.487531 8.34974 -0.110239 0.990073 0.0871886 7.99321 0.477975 0.129724 -0.868742 -141.068 
322 -0.868939 -0.0539557 -0.49197 7.64218 -0.110751 0.99003 0.0870343 8.12276 0.482369 0.130114 -0.866251 -143.008 
325 -0.865 -0.0551979 -0.498726 6.55419 -0.111848 0.990134 0.0844048 8.02733 0.489147 0.128792 -0.86264 -145.623 
328 -0.861866 -0.056838 -0.503941 5.69815 -0.11344 0.990127 0.0823382 8.00414 0.494285 0.128132 -0.859805 -147.579 
331 -0.857625 -0.0603866 -0.510718 4.58278 -0.117748 0.989759 0.0807019 8.29479 0.500614 0.129348 -0.855952 -150.169 
334 -0.854677 -0.0574856 -0.515968 3.6462 -0.116138 0.989834 0.0820968 8.45417 0.506004 0.13009 -0.852665 -152.21 
337 -0.851792 -0.0529233 -0.521199 2.70857 -0.112031 0.990271 0.0825376 8.31578 0.511761 0.128695 -0.849434 -154.752 
341 -0.849415 -0.0486946 -0.525474 1.91149 -0.108788 0.990504 0.0840647 8.38933 0.51639 0.128571 -0.846647 -157.336 
343 -0.848047 -0.0472271 -0.527813 1.48472 -0.106384 0.990916 0.0822644 8.05483 0.519133 0.125915 -0.845368 -159.304 
346 -0.846505 -0.0486178 -0.530157 1.07176 -0.108095 0.990775 0.0817372 8.24153 0.521292 0.126498 -0.843951 -161.268 
348 -0.845273 -0.0483068 -0.532147 0.698731 -0.109893 0.990332 0.0846565 8.91086 0.522912 0.130037 -0.842409 -163.225 
351 -0.844292 -0.0477631 -0.533751 0.389375 -0.109221 0.99045 0.0841361 8.89418 0.524635 0.129332 -0.841446 -165.255 
354 -0.842501 -0.0526228 -0.536119 -0.0251005 -0.115952 0.989604 0.0850809 9.78497 0.526069 0.133845 -0.839844 -167.932 
357 -0.842002 -0.0517861 -0.536984 -0.204581 -0.114131 0.989951 0.0834896 9.51701 0.527264 0.131585 -0.839451 -169.983 
361 -0.840682 -0.0580152 -0.538413 -0.423236 -0.119812 0.989532 0.0804506 9.7551 0.52811 0.132142 -0.838832 -172.649 
365 -0.839218 -0.0578408 -0.54071 -0.876678 -0.118603 0.989858 0.0781928 9.46337 0.530703 0.129751 -0.837567 -175.288 
368 -0.837652 -0.05746 -0.543173 -1.35632 -0.116927 0.990262 0.0755635 9.01424 0.533542 0.126808 -0.836213 -177.137 
370 -0.836411 -0.0588515 -0.544934 -1.72237 -0.120767 0.989573 0.0784923 9.90648 0.534632 0.131462 -0.834797 -178.546 
373 -0.835026 -0.0553785 -0.547416 -2.26691 -0.121788 0.988846 0.0857396 11.2267 0.536562 0.138263 -0.832457 -180.43 
376 -0.833668 -0.0554519 -0.549474 -2.6974 -0.119635 0.989454 0.0816575 10.4982 0.539152 0.133812 -0.831511 -182.427 
379 -0.832106 -0.0555632 -0.551826 -3.19288 -0.120474 0.98932 0.0820494 10.7538 0.541374 0.134754 -0.829913 -184.37 
382 -0.831347 -0.0527426 -0.553245 -3.51386 -0.116346 0.989945 0.0804558 10.2017 0.543439 0.131255 -0.829124 -186.349 
385 -0.831714 -0.0511952 -0.55284 -3.42429 -0.114522 0.990146 0.0806007 10.1495 0.543265 0.130349 -0.82938 -188.311 
388 -0.832236 -0.0457804 -0.552529 -3.3881 -0.111559 0.990029 0.0860042 10.827 0.543082 0.133216 -0.829045 -190.254 
391 -0.83262 -0.0437094 -0.552117 -3.30451 -0.108451 0.990449 0.085139 10.4782 0.543122 0.130766 -0.829408 -192.249 
394 -0.832821 -0.0437745 -0.551809 -3.22112 -0.106629 0.990885 0.0823252 9.93614 0.543175 0.127401 -0.829898 -194.233 
397 -0.832788 -0.0455279 -0.551717 -3.16714 -0.109572 0.990452 0.0836609 10.5765 0.54264 0.130125 -0.829825 -196.153 
400 -0.832547 -0.0482344 -0.55185 -3.14986 -0.113838 0.989837 0.0852249 11.4019 0.542131 0.133775 -0.829577 -197.859 
403 -0.833124 -0.0469727 -0.551087 -2.97215 -0.116188 0.989018 0.09135 12.8087 0.540744 0.140135 -0.829432 -199.856 
406 -0.833328 -0.0454332 -0.550909 -2.92909 -0.115726 0.988871 0.0934996 13.2405 0.540529 0.14167 -0.829311 -201.743 
409 -0.83306 -0.0454076 -0.551316 -3.0117 -0.110711 0.990147 0.085738 11.4637 0.541991 0.132462 -0.829879 -203.756 
411 -0.833044 -0.0444737 -0.551416 -3.03662 -0.108844 0.990457 0.0845508 11.1202 0.542394 0.130453 -0.829935 -205.048 
413 -0.832626 -0.0454247 -0.55197 -3.15391 -0.110458 0.990228 0.0851303 11.4728 0.542709 0.131851 -0.829507 -206.3 
415 -0.832112 -0.0428247 -0.552952 -3.41845 -0.107642 0.990526 0.0852715 11.247 0.544062 0.130476 -0.828838 -207.381 
418 -0.830487 -0.0416808 -0.555476 -4.06155 -0.109634 0.989922 0.0896322 12.3521 0.546143 0.135337 -0.826687 -209.385 
421 -0.828507 -0.0418546 -0.558412 -4.78934 -0.112912 0.989207 0.0933819 13.504 0.548477 0.140419 -0.824291 -211.17 
424 -0.8264 -0.0447972 -0.561299 -5.4272 -0.110972 0.990237 0.0843532 11.7379 0.55204 0.131998 -0.823303 -212.652 
427 -0.824456 -0.0463443 -0.564026 -6.14505 -0.111372 0.990438 0.0814146 11.3801 0.554859 0.129939 -0.821734 -215.048 
429 -0.823963 -0.0437781 -0.56495 -6.39744 -0.110991 0.990167 0.0851491 12.0882 0.555667 0.132864 -0.82072 -216.244 
431 -0.823109 -0.0437278 -0.566197 -6.69875 -0.112858 0.989739 0.0876294 12.832 0.556556 0.136029 -0.819599 -217.303 
433 -0.822222 -0.0421215 -0.567607 -7.09145 -0.11126 0.989913 0.0877084 12.7364 0.558187 0.135268 -0.818615 -218.729 
435 -0.820632 -0.0419587 -0.569915 -7.69186 -0.110588 0.990109 0.086343 12.4702 0.560655 0.133881 -0.817155 -219.92 
437 -0.819076 -0.0424609 -0.572112 -8.2366 -0.110513 0.990257 0.0847239 12.2148 0.562941 0.132621 -0.815788 -220.968 
439 -0.817217 -0.0436065 -0.574678 -8.92615 -0.110324 0.99053 0.0817247 11.7148 0.565672 0.130188 -0.814289 -222.429 
441 -0.815443 -0.0448412 -0.577098 -9.55202 -0.110084 0.990813 0.078562 11.1592 0.568273 0.127592 -0.812887 -223.676 
443 -0.813645 -0.0447002 -0.579642 -10.1775 -0.111142 0.99061 0.0796175 11.53 0.57064 0.129203 -0.810973 -224.461 
445 -0.812085 -0.0434763 -0.581918 -10.8627 -0.111969 0.9903 0.0822685 12.2372 0.572697 0.131966 -0.809076 -226.057 
447 -0.810275 -0.0416134 -0.58457 -11.6071 -0.111015 0.990315 0.0833813 12.4037 0.575439 0.132458 -0.807047 -227.26 
449 -0.808198 -0.0396327 -0.587576 -12.4586 -0.110242 0.990277 0.0848401 12.6588 0.5785 0.133343 -0.804709 -228.442 
451 -0.80611 -0.0377503 -0.590561 -13.3112 -0.110155 0.990093 0.0870703 13.1509 0.581423 0.135241 -0.802282 -229.618 
453 -0.80392 -0.0397085 -0.593411 -14.0799 -0.11237 0.989939 0.0859902 13.2905 0.584026 0.135811 -0.800293 -230.818 
455 -0.8016 -0.0414135 -0.596425 -14.8366 -0.11346 0.990007 0.0837481 13.0346 0.586997 0.134803 -0.798288 -231.533 
457 -0.799238 -0.0431328 -0.599465 -15.7497 -0.114398 0.990104 0.0812816 12.769 0.590027 0.133541 -0.796263 -233.222 
459 -0.797166 -0.0429251 -0.602233 -16.5445 -0.114315 0.990158 0.0807417 12.7241 0.59284 0.133209 -0.794227 -234.4 
461 -0.795552 -0.0407918 -0.604511 -17.2245 -0.113288 0.99015 0.0822752 12.9705 0.5952 0.133938 -0.792337 -235.567 
463 -0.793168 -0.0452552 -0.607319 -17.9867 -0.119873 0.989327 0.0828355 14.0116 0.597089 0.138504 -0.790128 -236.684 
465 -0.791116 -0.0419182 -0.610229 -18.8214 -0.118702 0.989204 0.0859375 14.5269 0.600038 0.140422 -0.78755 -237.434 
467 -0.788503 -0.0446675 -0.613406 -19.7878 -0.121395 0.989041 0.0840264 14.5964 0.602931 0.14072 -0.785285 -238.967 
469 -0.786467 -0.0436204 -0.61609 -20.5969 -0.120329 0.989211 0.0835671 14.4331 0.605797 0.139856 -0.783231 -240.148 
471 -0.784175 -0.0452139 -0.61889 -21.4199 -0.121391 0.98925 0.0815394 14.2327 0.608551 0.139069 -0.781234 -241.328 
473 -0.781946 -0.0463344 -0.621622 -22.2362 -0.122217 0.989274 0.0800002 14.0969 0.611248 0.138529 -0.779221 -242.525 
475 -0.779551 -0.0468691 -0.624582 -23.1333 -0.122669 0.989309 0.0788669 13.9945 0.614208 0.138098 -0.776967 -243.719 
477 -0.777336 -0.0469366 -0.627332 -23.9728 -0.122212 0.989481 0.0774029 13.698 0.6171 0.136836 -0.774896 -244.907 
478 -0.776292 -0.0464894 -0.628656 -24.3788 -0.12149 0.989614 0.0768386 13.5164 0.618555 0.136025 -0.773878 -245.489 
480 -0.774172 -0.047878 -0.631162 -25.1341 -0.122997 0.989508 0.0758051 13.5774 0.62091 0.136317 -0.771938 -246.645 
482 -0.772105 -0.0477714 -0.633697 -25.9238 -0.124114 0.989303 0.0766439 13.9765 0.623257 0.137828 -0.769776 -247.768 
484 -0.770085 -0.0463117 -0.636258 -26.7476 -0.12419 0.989163 0.0783124 14.4084 0.625737 0.139324 -0.767491 -248.894 
486 -0.768011 -0.0450184 -0.638852 -27.5847 -0.124133 0.989073 0.0795313 14.7292 0.628291 0.140383 -0.765208 -250.021 
488 -0.766091 -0.0432774 -0.641274 -28.3813 -0.122799 0.989207 0.0799425 14.7 0.630893 0.139991 -0.763136 -251.159 
490 -0.764295 -0.0418701 -0.643506 -29.0714 -0.120101 0.989673 0.0782511 14.0144 0.633584 0.137093 -0.76143 -252.098 
492 -0.762191 -0.0400489 -0.646112 -29.9851 -0.118726 0.989803 0.0787036 13.9977 0.636371 0.136697 -0.759174 -253.464 
494 -0.75976 -0.0387785 -0.649046 -30.9636 -0.119073 0.989636 0.0802572 14.4507 0.639208 0.13826 -0.756504 -254.558 
496 -0.757062 -0.0372509 -0.65228 -32.0542 -0.117824 0.989789 0.0802255 14.3401 0.64263 0.13759 -0.753721 -255.66 
498 -0.754628 -0.0360111 -0.655163 -33.0311 -0.115071 0.990282 0.07811 13.5577 0.645983 0.134334 -0.751438 -256.799 
500 -0.752136 -0.0375219 -0.657939 -33.9385 -0.115413 0.990448 0.0754519 13.1 0.648823 0.132685 -0.749282 -257.917 
502 -0.749582 -0.0376185 -0.660841 -34.9142 -0.116335 0.99033 0.075583 13.3339 0.651607 0.133535 -0.74671 -258.998 
505 -0.745851 -0.0372952 -0.665067 -36.3593 -0.117403 0.990161 0.076138 13.7228 0.655684 0.134869 -0.742892 -260.604 
508 -0.741775 -0.0361507 -0.669674 -37.9693 -0.11513 0.990586 0.0740511 13.0344 0.660693 0.132029 -0.738954 -262.214 
511 -0.737751 -0.0363056 -0.674096 -39.5158 -0.113857 0.99094 0.0712378 12.3211 0.665403 0.129306 -0.7352 -263.802 
514 -0.732861 -0.0356752 -0.679442 -41.3978 -0.120257 0.989694 0.0777462 14.8375 0.669666 0.138685 -0.729598 -265.184 
517 -0.727159 -0.0267027 -0.685949 -43.8929 -0.113021 0.990264 0.0812616 14.6402 0.677101 0.136617 -0.723098 -266.567 
520 -0.721329 -0.0200754 -0.692301 -46.3061 -0.107066 0.990796 0.0828237 14.1829 0.684267 0.133865 -0.71684 -267.939 
523 -0.716168 -0.0178333 -0.6977 -48.3461 -0.106319 0.990794 0.0838087 14.3981 0.689782 0.1342 -0.711471 -269.408 
525 -0.712638 -0.0172117 -0.701321 -49.706 -0.106115 0.990841 0.0835106 14.3677 0.69346 0.133934 -0.707938 -270.352 
527 -0.709041 -0.01812 -0.704934 -51.0473 -0.106702 0.990916 0.0818529 14.1474 0.697048 0.133255 -0.704534 -271.302 
529 -0.705548 -0.0172871 -0.708451 -52.3965 -0.105578 0.99111 0.0809609 13.8336 0.700753 0.131919 -0.701101 -272.24 
531 -0.702015 -0.0181548 -0.711931 -53.696 -0.106162 0.991173 0.079408 13.6228 0.704205 0.131326 -0.697746 -273.18 
533 -0.698911 -0.0182768 -0.714975 -54.8784 -0.107563 0.990989 0.0798133 14.015 0.707074 0.132687 -0.694579 -274.105 
535 -0.695344 -0.0200652 -0.718396 -56.171 -0.110931 0.990627 0.0797024 14.5935 0.710064 0.135113 -0.691053 -274.997 
537 -0.69242 -0.0212741 -0.721181 -57.2341 -0.112735 0.990478 0.0790209 14.793 0.712633 0.136018 -0.688225 -275.944 
539 -0.690201 -0.022697 -0.723262 -58.0233 -0.11372 0.99049 0.0774388 14.6497 0.714626 0.135698 -0.686218 -276.965 
541 -0.688482 -0.0234921 -0.724873 -58.6371 -0.114394 0.990482 0.0765512 14.6143 0.716175 0.135625 -0.684616 -278.025 
543 -0.686897 -0.0234389 -0.726377 -59.2332 -0.114063 0.99057 0.075899 14.478 0.717748 0.134987 -0.683093 -279.059 
545 -0.685072 -0.0233038 -0.728102 -59.9244 -0.113637 0.990671 0.0752134 14.3131 0.719557 0.134266 -0.68133 -280.094 
547 -0.682991 -0.0253991 -0.729985 -60.6449 -0.115263 0.990621 0.0733752 14.2125 0.721275 0.134255 -0.679513 -281.142 
549 -0.681241 -0.0255912 -0.731611 -61.2992 -0.116135 0.990511 0.0734921 14.4435 0.722788 0.135032 -0.677749 -282.068 
551 -0.679435 -0.0262774 -0.733265 -61.9691 -0.117766 0.990308 0.0736319 14.822 0.724223 0.136382 -0.675944 -283.132 
553 -0.677904 -0.0264039 -0.734676 -62.5439 -0.118964 0.990123 0.0741868 15.222 0.725461 0.137692 -0.674349 -284.127 
555 -0.676308 -0.0273421 -0.736111 -63.119 -0.120129 0.990027 0.0735963 15.342 0.726757 0.138202 -0.672848 -285.13 
557 -0.674702 -0.0260909 -0.737629 -63.7707 -0.119513 0.990049 0.0742981 15.4735 0.72835 0.138285 -0.671106 -286.108 
559 -0.673353 -0.0250983 -0.738895 -64.3156 -0.119871 0.989906 0.0756132 15.9176 0.729539 0.139486 -0.669564 -287.087 
561 -0.67251 -0.0236648 -0.73971 -64.6784 -0.120321 0.989687 0.0777282 16.574 0.730242 0.141275 -0.668422 -288.09 
563 -0.672348 -0.0225349 -0.739892 -64.7694 -0.118381 0.989945 0.077423 16.2338 0.730708 0.139644 -0.668256 -289.206 
565 -0.672674 -0.0214156 -0.739629 -64.6721 -0.114217 0.990606 0.075195 15.0355 0.73107 0.13506 -0.668801 -290.405 
567 -0.673725 -0.0200629 -0.738709 -64.2743 -0.111809 0.990891 0.0750609 14.6406 0.730475 0.133165 -0.669831 -291.568 
569 -0.674359 -0.0220057 -0.738075 -63.979 -0.113488 0.990768 0.074151 14.7774 0.72963 0.133767 -0.670631 -292.795 
571 -0.675226 -0.0247753 -0.737194 -63.5443 -0.11603 0.990561 0.0729861 15.0002 0.728427 0.134819 -0.671727 -293.989 
573 -0.675662 -0.0322429 -0.736506 -63.11 -0.123731 0.989831 0.0701762 15.7221 0.726754 0.138544 -0.672781 -295.146 
576 -0.67884 -0.0244675 -0.733878 -62.077 -0.114093 0.990821 0.072502 14.6977 0.725368 0.132947 -0.675401 -297.027 
579 -0.681932 -0.0253887 -0.730975 -60.8072 -0.113497 0.990965 0.071463 14.4292 0.722556 0.131696 -0.678652 -298.979 
581 -0.6833 -0.0247385 -0.729719 -60.2665 -0.116544 0.990307 0.0755577 16.0659 0.720777 0.136673 -0.67956 -300.096 
583 -0.685404 -0.0254728 -0.727717 -59.3741 -0.117516 0.990157 0.0760237 16.4258 0.718618 0.137625 -0.681651 -301.342 
585 -0.687546 -0.0283045 -0.725589 -58.3836 -0.11802 0.99031 0.073201 15.8686 0.716486 0.135963 -0.684224 -302.641 
588 -0.690415 -0.035282 -0.722552 -56.8959 -0.123772 0.989843 0.0699336 16.1718 0.712746 0.137715 -0.68777 -304.413 
591 -0.694377 -0.0355925 -0.718731 -55.2386 -0.126753 0.98921 0.0734713 17.7211 0.70836 0.142118 -0.691396 -306.362 
594 -0.699254 -0.0333972 -0.714093 -53.2331 -0.124504 0.989331 0.0756467 17.9535 0.703948 0.141803 -0.695952 -308.286 
597 -0.703406 -0.0323834 -0.71005 -51.4699 -0.11937 0.990156 0.073095 16.4452 0.700693 0.136174 -0.700347 -310.239 
600 -0.707193 -0.0300995 -0.706379 -49.8755 -0.11431 0.990816 0.072222 15.3704 0.697718 0.131821 -0.704139 -312.113 
603 -0.711186 -0.0298934 -0.702368 -48.1203 -0.114648 0.990652 0.0739241 15.9664 0.693593 0.133099 -0.707965 -313.969 
606 -0.715288 -0.0261357 -0.698341 -46.4182 -0.112937 0.990488 0.0786081 16.9527 0.689644 0.135096 -0.711436 -315.74 
608 -0.718206 -0.026824 -0.695313 -45.0403 -0.114579 0.990175 0.0801523 17.7148 0.686332 0.137234 -0.714223 -316.736 
611 -0.723221 -0.0282307 -0.69004 -42.7264 -0.11702 0.989726 0.0821554 18.8323 0.680631 0.140165 -0.719094 -319.236 
614 -0.729617 -0.0292642 -0.68323 -39.7153 -0.115713 0.989961 0.0811675 18.408 0.673995 0.13828 -0.725678 -321.163 
616 -0.735392 -0.0319793 -0.676887 -36.8534 -0.119977 0.98925 0.0836105 19.9459 0.666936 0.142698 -0.731323 -322.692 
619 -0.740683 -0.0393373 -0.670702 -34.0561 -0.126057 0.988692 0.0812223 20.5978 0.659923 0.144707 -0.737266 -324.728 
620 -0.74454 -0.0398673 -0.666387 -32.1648 -0.125296 0.988821 0.0808335 20.4048 0.655715 0.143679 -0.741212 -325.943 
623 -0.751613 -0.044125 -0.658127 -28.5032 -0.126871 0.9888 0.0785977 20.2033 0.647288 0.142572 -0.748793 -327.807 
625 -0.756335 -0.0495127 -0.652308 -25.8956 -0.129551 0.98872 0.0751642 19.8667 0.641228 0.141357 -0.754218 -329.033 
627 -0.761141 -0.0483159 -0.646784 -23.4862 -0.126396 0.989152 0.0748522 19.2097 0.636151 0.138724 -0.758991 -330.007 
629 -0.766717 -0.0470145 -0.640261 -20.737 -0.121533 0.989911 0.0728476 17.7784 0.630376 0.133666 -0.764696 -331.465 
631 -0.772262 -0.0487307 -0.633432 -17.7824 -0.121074 0.990069 0.071442 17.3642 0.62366 0.131864 -0.770493 -332.617 
633 -0.77759 -0.0511399 -0.626689 -14.8657 -0.124814 0.989407 0.0741292 18.8901 0.616259 0.135862 -0.775736 -333.62 
635 -0.782967 -0.0538729 -0.619725 -11.8639 -0.129365 0.988563 0.0775053 20.7762 0.608462 0.140855 -0.780982 -334.601 
637 -0.789129 -0.0554972 -0.611715 -8.44583 -0.127672 0.988978 0.0749767 19.814 0.600812 0.137265 -0.787517 -335.763 
638 -0.792129 -0.0544582 -0.607919 -6.82389 -0.124465 0.989495 0.0735398 18.7958 0.597528 0.133918 -0.790586 -336.151 
640 -0.798131 -0.0556447 -0.599908 -3.46308 -0.121506 0.990133 0.0698136 17.2434 0.590104 0.128613 -0.797017 -337.501 
642 -0.804283 -0.05917 -0.591293 0.196439 -0.124124 0.98981 0.0697854 17.8161 0.581138 0.129521 -0.803432 -338.469 
643 -0.807082 -0.06034 -0.587349 1.87138 -0.125344 0.9896 0.0705724 18.3004 0.576982 0.130578 -0.806251 -338.771 
645 -0.81409 -0.0618618 -0.577434 6.00484 -0.125976 0.989446 0.0716041 18.7803 0.56691 0.131035 -0.813291 -339.82 
647 -0.821348 -0.0602645 -0.567235 10.2012 -0.123131 0.989691 0.0731441 18.6833 0.556979 0.129921 -0.820302 -340.704 
649 -0.828326 -0.0602702 -0.556996 14.4091 -0.123241 0.989446 0.076212 19.6086 0.546524 0.131773 -0.827011 -341.484 
651 -0.834427 -0.0607654 -0.547759 18.2164 -0.123611 0.989216 0.0785642 20.378 0.537078 0.133265 -0.832939 -342.034 
653 -0.840628 -0.0615005 -0.538109 22.1264 -0.122984 0.989254 0.079063 20.4623 0.527465 0.132642 -0.839159 -342.99 
655 -0.847007 -0.0610788 -0.528062 26.187 -0.120022 0.989699 0.078039 19.6241 0.517856 0.129478 -0.845613 -343.729 
657 -0.853423 -0.0619055 -0.517529 30.4453 -0.119849 0.989623 0.0792595 19.9757 0.507252 0.129667 -0.851987 -344.234 
659 -0.859843 -0.0583176 -0.507217 34.5122 -0.115367 0.989953 0.0817511 19.8164 0.497354 0.128809 -0.857932 -344.967 
661 -0.866109 -0.0577809 -0.496504 38.7668 -0.113709 0.990029 0.0831403 19.9236 0.486749 0.128465 -0.864044 -345.505 
663 -0.871972 -0.0591645 -0.485967 42.9552 -0.11237 0.990355 0.0810535 19.1118 0.476485 0.125284 -0.87021 -346.044 
665 -0.877504 -0.0617549 -0.475576 47.0811 -0.113805 0.990162 0.0814112 19.5654 0.46587 0.125562 -0.875899 -346.475 
667 -0.883101 -0.0647207 -0.464697 51.3796 -0.116098 0.989782 0.0827784 20.4862 0.454591 0.127052 -0.881592 -346.799 
669 -0.888832 -0.0673263 -0.453259 55.8785 -0.11785 0.989461 0.0841284 21.2784 0.442819 0.128193 -0.8874 -346.907 
671 -0.894168 -0.0701197 -0.442206 60.1816 -0.119816 0.989113 0.0854337 22.1379 0.431401 0.129375 -0.892835 -347.245 
673 -0.898982 -0.0748502 -0.431542 64.3443 -0.123732 0.988556 0.0862941 23.2618 0.420145 0.130973 -0.897956 -347.397 
675 -0.904046 -0.0762776 -0.420575 68.5642 -0.12361 0.988561 0.0864141 23.3293 0.409172 0.130109 -0.903133 -347.552 
677 -0.908924 -0.0784705 -0.409511 72.8061 -0.12365 0.988679 0.084996 22.9839 0.398205 0.127891 -0.908337 -347.672 
679 -0.913767 -0.0800857 -0.398265 77.0923 -0.123374 0.988779 0.0842367 22.7429 0.38705 0.126108 -0.913394 -347.639 
681 -0.918176 -0.0821147 -0.387569 81.1482 -0.124583 0.9885 0.0857111 23.498 0.376074 0.126983 -0.917847 -347.703 
683 -0.922535 -0.082937 -0.376896 85.1646 -0.124235 0.988469 0.0865774 23.7337 0.365369 0.126694 -0.922201 -347.668 
685 -0.926758 -0.084118 -0.366119 89.2054 -0.123744 0.988571 0.0861045 23.5463 0.354692 0.125103 -0.926576 -347.606 
687 -0.930734 -0.0859393 -0.355456 93.1899 -0.124019 0.98857 0.0857252 23.5459 0.344026 0.123871 -0.930754 -347.494 
689 -0.934646 -0.0848472 -0.345308 96.9372 -0.12178 0.988766 0.0866691 23.4007 0.334075 0.123057 -0.934479 -347.403 
691 -0.938222 -0.083759 -0.335745 100.453 -0.119202 0.989108 0.0863476 22.8117 0.324855 0.121034 -0.937987 -347.36 
693 -0.941021 -0.082345 -0.328174 103.207 -0.117004 0.989289 0.0872717 22.6575 0.317473 0.120522 -0.940577 -347.435 
695 -0.943459 -0.0770314 -0.322415 105.279 -0.110655 0.99002 0.0872653 21.3652 0.312475 0.118008 -0.942568 -347.85 
697 -0.945662 -0.0713802 -0.31722 107.112 -0.10498 0.990384 0.0901003 21.0514 0.307739 0.118506 -0.944062 -348.215 
699 -0.948019 -0.0740782 -0.309471 109.985 -0.108245 0.989602 0.0947113 23.1755 0.299237 0.123287 -0.94618 -348.102 
701 -0.951141 -0.0765703 -0.299113 113.797 -0.111032 0.988778 0.09995 25.3958 0.288103 0.128278 -0.948969 -347.631 
703 -0.954398 -0.0748257 -0.289007 117.44 -0.108359 0.988885 0.101809 25.4416 0.278177 0.128483 -0.951898 -347.314 
705 -0.957911 -0.0707864 -0.2782 121.289 -0.101856 0.989876 0.0988479 23.206 0.268386 0.123024 -0.955423 -347.036 
707 -0.960669 -0.0700514 -0.268714 124.691 -0.0990907 0.990431 0.0960584 21.8122 0.259414 0.118907 -0.958418 -346.815 
709 -0.962718 -0.0739596 -0.260202 127.788 -0.102192 0.990055 0.0966858 22.711 0.250463 0.119672 -0.960701 -346.527 
711 -0.964466 -0.0762016 -0.25298 130.414 -0.103889 0.989755 0.0979395 23.5139 0.242925 0.120741 -0.962501 -346.4 
713 -0.9666 -0.0776828 -0.244235 133.555 -0.104376 0.989668 0.0983043 23.7838 0.234075 0.120513 -0.964721 -346.076 
715 -0.968629 -0.0764604 -0.236455 136.295 -0.10211 0.989915 0.0981912 23.3101 0.226563 0.119255 -0.966668 -345.913 
717 -0.970176 -0.0763194 -0.230072 138.576 -0.101233 0.989976 0.0984902 23.2606 0.220249 0.118844 -0.968177 -345.905 
719 -0.971422 -0.07662 -0.224652 140.506 -0.101307 0.989767 0.10049 23.944 0.214654 0.120377 -0.969243 -345.957 
721 -0.972173 -0.077765 -0.220982 141.822 -0.10228 0.989539 0.101741 24.5919 0.210758 0.121512 -0.969957 -346.237 
723 -0.973327 -0.0772699 -0.216017 143.577 -0.10149 0.989453 0.103361 24.9731 0.205752 0.122528 -0.970903 -346.346 
725 -0.974244 -0.0761108 -0.212262 144.886 -0.0999725 0.989536 0.104038 24.9014 0.202122 0.122579 -0.971659 -346.595 
728 -0.97498 -0.0770162 -0.208523 146.235 -0.100583 0.989387 0.104867 25.3691 0.198234 0.123217 -0.972379 -347.295 
730 -0.975115 -0.0779588 -0.207541 146.598 -0.101665 0.989143 0.106113 26.0383 0.197015 0.124572 -0.972454 -347.891 
732 -0.975579 -0.0773857 -0.205566 147.302 -0.101076 0.98907 0.10735 26.349 0.195012 0.125506 -0.972738 -348.399 
734 -0.975821 -0.0755428 -0.205101 147.448 -0.0994821 0.989048 0.109026 26.5798 0.194618 0.126794 -0.97265 -349.1 
736 -0.975558 -0.0791137 -0.205004 147.537 -0.102873 0.98882 0.107949 27.0228 0.194172 0.1264 -0.97279 -349.792 
738 -0.975336 -0.08135 -0.205187 147.507 -0.104798 0.988816 0.106114 26.9054 0.19426 0.125 -0.972953 -350.547 
740 -0.975281 -0.0812127 -0.205505 147.379 -0.104263 0.989105 0.103928 26.1347 0.194826 0.122786 -0.973122 -351.324 
743 -0.975206 -0.0813922 -0.205789 147.304 -0.104153 0.989287 0.102289 25.6584 0.195259 0.121186 -0.973236 -352.494 
746 -0.975036 -0.0824757 -0.206162 147.192 -0.104907 0.989407 0.10034 25.2613 0.195702 0.119463 -0.97336 -353.572 
749 -0.974757 -0.085412 -0.206286 147.185 -0.107852 0.989116 0.100092 25.8824 0.195492 0.119813 -0.973359 -354.486 
752 -0.974301 -0.087772 -0.207444 146.807 -0.110441 0.988805 0.100333 26.5859 0.196315 0.120665 -0.973088 -355.557 
755 -0.974288 -0.0874992 -0.20762 146.746 -0.109902 0.989007 0.098928 26.0715 0.196681 0.119202 -0.973194 -356.52 
758 -0.974195 -0.0866175 -0.208426 146.435 -0.108724 0.989324 0.0970406 25.258 0.197795 0.117197 -0.973212 -357.557 
761 -0.973764 -0.0911632 -0.2085 146.48 -0.113225 0.988879 0.0964275 26.0963 0.197391 0.117505 -0.973257 -358.346 
764 -0.973526 -0.0921686 -0.209168 146.251 -0.11445 0.988679 0.0970283 26.6047 0.197857 0.118399 -0.973054 -359.214 
767 -0.97374 -0.0898494 -0.209184 146.225 -0.112775 0.988539 0.100363 27.3693 0.197769 0.121318 -0.972712 -359.948 
770 -0.97382 -0.0898051 -0.208831 146.35 -0.112774 0.988495 0.100798 27.5553 0.197377 0.12171 -0.972743 -360.622 
774 -0.973843 -0.089651 -0.208788 146.378 -0.1124 0.988643 0.099752 27.1891 0.197474 0.120611 -0.97286 -361.588 
778 -0.973752 -0.0914557 -0.208429 146.536 -0.113778 0.988687 0.0977338 26.888 0.197133 0.118883 -0.973142 -362.441 
783 -0.97454 -0.0862649 -0.206954 147.027 -0.107456 0.989811 0.0934243 24.1484 0.196786 0.113284 -0.97388 -363.451 
788 -0.974827 -0.0928958 -0.202686 148.691 -0.1135 0.989223 0.0924973 25.2238 0.191909 0.113174 -0.974865 -363.64 
794 -0.976091 -0.0842986 -0.200349 149.461 -0.10576 0.989458 0.0989353 25.693 0.189897 0.117759 -0.974716 -364.28 
801 -0.976415 -0.0857676 -0.198138 150.305 -0.107598 0.988932 0.102162 27.2287 0.187183 0.121072 -0.974836 -364.745 
812 -0.976457 -0.0859307 -0.197857 150.417 -0.107145 0.98929 0.099124 26.1747 0.18722 0.11799 -0.975206 -365.709 
822 -0.97661 -0.0843387 -0.197789 150.427 -0.104943 0.989824 0.0961036 24.7206 0.187671 0.114612 -0.975522 -366.507 
830 -0.977786 -0.0851272 -0.191543 152.767 -0.10373 0.990591 0.0892742 22.2274 0.182141 0.10716 -0.977416 -366.623 
