0 1 -1.37396e-05 -7.60302e-06 1.84244e-06 1.37396e-05 1 -1.07564e-05 -4.22668e-05 7.60317e-06 1.07563e-05 1 -0.000244658 
7 0.999904 0.00829226 0.0110668 -0.0040612 -0.00837444 0.999938 0.0074006 0.0566822 -0.0110047 -0.00749257 0.999911 -3.96606 
10 0.999871 0.00629595 0.0147492 -0.00732768 -0.00650669 0.999877 0.0142837 0.0541516 -0.0146575 -0.0143778 0.999789 -5.76934 
12 0.999848 0.00304166 0.0171646 -0.0111123 -0.00334983 0.999833 0.0179534 0.0390054 -0.0171072 -0.0180082 0.999691 -7.01196 
14 0.999813 -0.000167631 0.0193333 -0.0151295 0.00015243 1 0.000787768 0.182181 -0.0193335 -0.000784674 0.999813 -8.31081 
16 0.99977 -0.00322672 0.0212253 -0.0175581 0.00333473 0.999982 -0.00505538 0.270547 -0.0212086 0.00512499 0.999762 -9.70017 
18 0.999723 -0.005475 0.0229001 -0.0214712 0.00528582 0.999951 0.00831357 0.139359 -0.0229445 -0.00819022 0.999703 -11.1049 
20 0.99969 -0.00227283 0.0247854 -0.040944 0.00233594 0.999994 -0.00251789 0.272847 -0.0247795 0.00257501 0.99969 -12.5912 
22 0.99967 -0.00086766 0.0256762 -0.0430652 0.00119123 0.99992 -0.0125893 0.43241 -0.0256632 0.0126158 0.999591 -14.1808 
23 0.999663 0.00107342 0.025928 -0.0464693 -0.000772724 0.999932 -0.0116045 0.428205 -0.0259387 0.0115806 0.999596 -14.9886 
24 0.999674 0.00120191 0.0255225 -0.0354152 -0.00097136 0.999959 -0.00904372 0.39424 -0.0255323 0.00901597 0.999633 -15.8114 
25 0.999689 -0.00116759 0.024924 -0.0202614 0.00130877 0.999983 -0.00564869 0.348909 -0.0249169 0.00567955 0.999673 -16.6554 
26 0.999708 0.0019337 0.0240846 -0.00650125 -0.00192916 0.999998 -0.000211415 0.264017 -0.0240849 0.00016489 0.99971 -17.52 
27 0.999714 0.00462075 0.0234697 0.00357153 -0.00476366 0.99997 0.00603669 0.158962 -0.0234411 -0.00614676 0.999706 -18.4021 
28 0.999745 0.0033909 0.0223324 0.0299645 -0.00364818 0.999927 0.0114898 0.060398 -0.0222919 -0.0115684 0.999685 -19.3004 
29 0.999752 0.00195695 0.0221625 0.0399857 -0.00223081 0.999921 0.0123392 0.0507827 -0.0221366 -0.0123856 0.999678 -20.2195 
30 0.999746 0.00168224 0.022471 0.0383909 -0.00194715 0.999929 0.0117722 0.0729712 -0.0224496 -0.0118129 0.999678 -21.1566 
31 0.999749 0.000159694 0.022406 0.0463955 -0.000452657 0.999914 0.0130708 0.0589283 -0.022402 -0.0130776 0.999664 -22.106 
32 0.99975 -0.00274008 0.0222033 0.058659 0.00240302 0.999882 0.0151935 0.0214306 -0.0222423 -0.0151363 0.999638 -23.066 
33 0.999732 -0.00644041 0.0222553 0.0690899 0.00608201 0.999851 0.0161347 0.0110938 -0.0223559 -0.015995 0.999622 -24.04 
34 0.99972 -0.00816743 0.0222152 0.0774304 0.00781164 0.999841 0.0160556 0.0273816 -0.0223428 -0.0158776 0.999624 -25.0226 
35 0.999707 -0.00888742 0.0224954 0.0769962 0.00852465 0.999833 0.0161714 0.0387432 -0.0226354 -0.0159749 0.999616 -26.015 
36 0.999704 -0.00895831 0.0226081 0.0810152 0.00859543 0.999833 0.0160975 0.0532234 -0.0227486 -0.0158984 0.999615 -27.017 
37 0.999687 -0.00993714 0.0229499 0.0779364 0.00959426 0.999841 0.0150025 0.0986839 -0.0230953 -0.0147777 0.999624 -28.0277 
38 0.999674 -0.0106153 0.0232009 0.0781688 0.0103138 0.999861 0.0130764 0.168606 -0.0233365 -0.0128328 0.999645 -29.0512 
39 0.999661 -0.011069 0.0235607 0.0721794 0.0107895 0.99987 0.0119567 0.217302 -0.02369 -0.0116984 0.999651 -30.0751 
40 0.999659 -0.0109299 0.0237201 0.0721536 0.0106255 0.99986 0.012921 0.205387 -0.0238581 -0.0126646 0.999635 -31.1107 
41 0.999641 -0.0122175 0.0238558 0.0743181 0.0118891 0.999833 0.0138593 0.190579 -0.0240211 -0.0135707 0.999619 -32.149 
42 0.999639 -0.0118954 0.0241036 0.0708557 0.0115865 0.999849 0.0129148 0.235451 -0.0242536 -0.0126308 0.999626 -33.1972 
43 0.999633 -0.0111299 0.0247129 0.0567477 0.0108815 0.999889 0.0101663 0.343064 -0.0248233 -0.00989367 0.999643 -34.2568 
44 0.999619 -0.0115227 0.0250695 0.0520917 0.0113625 0.999914 0.00652435 0.487243 -0.0251425 -0.00623702 0.999664 -35.3189 
45 0.999605 -0.0116953 0.0255497 0.0464729 0.0115903 0.999924 0.00425418 0.587413 -0.0255975 -0.00395637 0.999665 -36.3993 
46 0.999594 -0.011753 0.0259399 0.0372453 0.0116595 0.999925 0.00375062 0.624605 -0.025982 -0.00344665 0.999656 -37.479 
47 0.99958 -0.0114758 0.0266213 0.0176125 0.0113401 0.999922 0.00524132 0.584058 -0.0266794 -0.00493723 0.999632 -38.5737 
48 0.999551 -0.0121056 0.0273987 -0.0100542 0.0119523 0.999912 0.00575008 0.582099 -0.0274659 -0.00542002 0.999608 -39.6689 
49 0.999536 -0.0115276 0.0281866 -0.0390663 0.0114045 0.999925 0.00452245 0.64729 -0.0282366 -0.00419889 0.999592 -40.7636 
50 0.999512 -0.0113868 0.0290917 -0.0715801 0.0113177 0.999933 0.00253841 0.748941 -0.0291186 -0.00220792 0.999574 -41.8682 
51 0.999498 -0.0114517 0.0295556 -0.0829802 0.0114568 0.999934 -1.23785e-06 0.878289 -0.0295536 0.000339849 0.999563 -42.9688 
52 0.999462 -0.0126931 0.0302354 -0.106316 0.012691 0.999919 0.00026283 0.892239 -0.0302363 0.00012103 0.999543 -44.0559 
53 0.999437 -0.0141453 0.0304181 -0.105539 0.0140277 0.999893 0.00407683 0.745587 -0.0304725 -0.00364784 0.999529 -45.1494 
54 0.999414 -0.0153698 0.0305979 -0.111259 0.0151289 0.999853 0.00808878 0.57905 -0.0307177 -0.00762112 0.999499 -46.2256 
55 0.999414 -0.0155605 0.0304756 -0.0931594 0.0153136 0.999848 0.0083172 0.586737 -0.0306004 -0.00784564 0.999501 -47.3305 
56 0.999409 -0.0162595 0.0302784 -0.0749163 0.0160922 0.999854 0.00576191 0.726253 -0.0303676 -0.00527126 0.999525 -48.4275 
57 0.99941 -0.0168601 0.0299184 -0.052167 0.0167641 0.999853 0.00345599 0.864843 -0.0299723 -0.00295239 0.999546 -49.5274 
58 0.999438 -0.0153445 0.0298147 -0.0385798 0.015286 0.999881 0.00219064 0.945842 -0.0298447 -0.00173366 0.999553 -50.6301 
59 0.999442 -0.0153319 0.0296789 -0.0240031 0.0152397 0.999878 0.00332847 0.904625 -0.0297263 -0.00287431 0.999554 -51.7229 
60 0.999471 -0.014644 0.0290398 0.0171951 0.0145099 0.999883 0.00482189 0.848523 -0.0291071 -0.00439798 0.999567 -52.8323 
61 0.999476 -0.0147799 0.0288124 0.0341304 0.014582 0.999869 0.00706914 0.7466 -0.0289131 -0.0066453 0.99956 -53.9318 
62 0.999492 -0.0137407 0.0287503 0.0451545 0.0134706 0.999863 0.0095689 0.628768 -0.0288778 -0.00917676 0.999541 -55.0231 
63 0.999514 -0.0123836 0.028617 0.0598099 0.0120207 0.999846 0.0128161 0.467165 -0.0287713 -0.0124659 0.999508 -56.106 
64 0.999537 -0.0107953 0.0284335 0.0747773 0.0103864 0.999841 0.0144914 0.386292 -0.0285854 -0.0141894 0.999491 -57.1991 
65 0.999557 -0.00907059 0.0283419 0.0835393 0.00872955 0.999888 0.0121336 0.537479 -0.0284487 -0.0118808 0.999525 -58.3064 
66 0.999576 -0.00759365 0.028094 0.100938 0.00742247 0.999953 0.00619219 0.90454 -0.0281397 -0.00598104 0.999586 -59.4191 
67 0.999595 -0.00625162 0.0277801 0.125786 0.00624898 0.99998 0.000181798 1.28397 -0.0277807 -8.12652e-06 0.999614 -60.5179 
68 0.999602 -0.00476254 0.0278087 0.128949 0.00477609 0.999989 -0.000420732 1.33902 -0.0278064 0.000553381 0.999613 -61.6196 
69 0.999624 -0.00151387 0.0273609 0.162743 0.00144609 0.999996 0.00249713 1.1713 -0.0273646 -0.00245662 0.999623 -62.7353 
70 0.999625 -0.000232981 0.0273838 0.16674 7.57975e-05 0.999984 0.0057409 0.980051 -0.0273847 -0.00573667 0.999609 -63.8454 
71 0.999619 -0.00231446 0.0274917 0.166197 0.00204871 0.999951 0.00969098 0.752017 -0.0275128 -0.00963096 0.999575 -64.9562 
72 0.999623 -0.00265038 0.0273428 0.182028 0.00226826 0.999899 0.0139968 0.487532 -0.0273772 -0.0139295 0.999528 -66.0642 
73 0.999629 -0.00590306 0.0265839 0.240677 0.00550962 0.999875 0.0148491 0.449022 -0.0266683 -0.0146972 0.999536 -67.1647 
74 0.999627 -0.00953584 0.0256101 0.31376 0.00925103 0.999894 0.0112166 0.722808 -0.0257144 -0.0109755 0.999609 -68.293 
75 0.999613 -0.0110235 0.025553 0.325516 0.0107925 0.9999 0.00916075 0.88684 -0.0256514 -0.00888143 0.999631 -69.411 
76 0.999621 -0.0103286 0.0255309 0.331709 0.0101199 0.999914 0.00828909 0.965774 -0.0256143 -0.00802758 0.99964 -70.5224 
77 0.999635 -0.00883258 0.025529 0.339913 0.00864397 0.999935 0.00748912 1.04 -0.0255935 -0.00726571 0.999646 -71.6302 
78 0.999636 -0.00775078 0.0258282 0.328116 0.00759503 0.999952 0.00612251 1.15672 -0.0258744 -0.00592412 0.999648 -72.7464 
79 0.999639 -0.00620533 0.0261557 0.311744 0.00610342 0.999973 0.00397431 1.33258 -0.0261797 -0.00381324 0.99965 -73.8533 
80 0.999627 -0.00499479 0.0268512 0.266469 0.00493864 0.999985 0.0021571 1.48895 -0.0268616 -0.00202369 0.999637 -74.9613 
81 0.999617 -0.00425525 0.0273421 0.234532 0.00416387 0.999986 0.00339827 1.41757 -0.0273562 -0.00328312 0.99962 -76.0724 
82 0.999602 -0.00479858 0.0278173 0.206035 0.00459985 0.999963 0.00720384 1.1501 -0.0278508 -0.00707301 0.999587 -77.1784 
83 0.999581 -0.00531439 0.0284664 0.16344 0.00505196 0.999944 0.00928307 1.00767 -0.0285142 -0.00913536 0.999552 -78.2792 
84 0.999552 -0.00729651 0.0290235 0.129824 0.00707713 0.999946 0.00765456 1.1611 -0.0290778 -0.00744573 0.999549 -79.3829 
85 0.999529 -0.00807533 0.0295985 0.0883184 0.00797716 0.999962 0.00343355 1.51983 -0.0296251 -0.00319582 0.999556 -80.4825 
86 0.999495 -0.00972194 0.030262 0.0358816 0.00974164 0.999952 -0.000503377 1.86606 -0.0302557 0.000797924 0.999542 -81.5561 
88 0.999457 -0.0103729 0.0312659 -0.0303513 0.0103503 0.999946 0.00088457 1.79734 -0.0312734 -0.000560478 0.999511 -83.7495 
89 0.999443 -0.0103445 0.0317242 -0.0596964 0.0102988 0.999946 0.00160439 1.75908 -0.0317391 -0.00127677 0.999495 -84.8263 
90 0.999431 -0.009693 0.032293 -0.100301 0.00964152 0.999952 0.00174968 1.76925 -0.0323084 -0.00143733 0.999477 -85.8868 
91 0.999415 -0.00880669 0.0330482 -0.156121 0.0087661 0.999961 0.00137298 1.82381 -0.033059 -0.00108247 0.999453 -86.9387 
92 0.999395 -0.00741043 0.0339763 -0.237584 0.00741627 0.999972 -4.59442e-05 1.9623 -0.033975 0.000297894 0.999423 -87.9498 
94 0.999356 -0.00647682 0.0352957 -0.335171 0.00661754 0.999971 -0.00387147 2.35282 -0.0352696 0.00410255 0.999369 -89.9921 
95 0.999281 -0.00554115 0.0375015 -0.525965 0.00570258 0.999975 -0.00419897 2.40258 -0.0374772 0.00440981 0.999288 -90.9581 
96 0.999158 -0.00473662 0.0407619 -0.817374 0.00487669 0.999983 -0.0033375 2.34648 -0.0407454 0.00353347 0.999163 -91.8988 
97 0.999011 -0.00461347 0.044233 -1.13277 0.00472673 0.999986 -0.00245636 2.28712 -0.044221 0.00266301 0.999018 -92.8189 
98 0.998864 -0.00452378 0.0474282 -1.42638 0.0046492 0.999986 -0.00253453 2.31265 -0.047416 0.00275216 0.998871 -93.7216 
99 0.998724 -0.00558992 0.0501961 -1.67691 0.00578461 0.999976 -0.00373428 2.45286 -0.050174 0.00401988 0.998732 -94.5953 
100 0.998569 -0.0065 0.0530895 -1.94353 0.00676557 0.999965 -0.00482411 2.58279 -0.0530563 0.00517638 0.998578 -95.4455 
101 0.998399 -0.00748878 0.0560687 -2.22465 0.00785324 0.999949 -0.00628279 2.74621 -0.0560188 0.00671305 0.998407 -96.2723 
102 0.998235 -0.00891636 0.0587209 -2.47323 0.00934358 0.999932 -0.00700498 2.84184 -0.0586544 0.00754127 0.99825 -97.0759 
103 0.998059 -0.0109473 0.0613034 -2.72006 0.0114167 0.999908 -0.00731285 2.90061 -0.0612177 0.00799854 0.998092 -97.8504 
105 0.997688 -0.0143322 0.0664311 -3.21423 0.0145142 0.999892 -0.00225853 2.45537 -0.0663915 0.00321751 0.997788 -99.3057 
107 0.997311 -0.0189638 0.0707941 -3.63807 0.0187051 0.999816 0.00431494 1.84481 -0.0708629 -0.00297912 0.997482 -100.639 
109 0.997217 -0.0233546 0.0707949 -3.62748 0.0230502 0.999721 0.00511375 1.80872 -0.0708946 -0.00346768 0.997478 -101.866 
111 0.99761 -0.0295946 0.0624329 -2.77243 0.0295093 0.999562 0.002288 2.15171 -0.0624733 -0.000440187 0.998047 -103.013 
113 0.998512 -0.0301469 0.045437 -1.02199 0.0302869 0.999538 -0.0023976 2.66248 -0.0453438 0.00377018 0.998964 -104.071 
115 0.999369 -0.029043 0.0204244 1.58028 0.0291373 0.999566 -0.00433574 2.88637 -0.0202896 0.00492812 0.999782 -104.997 
117 0.999541 -0.0274609 -0.0127706 5.05158 0.0274464 0.999622 -0.00131305 2.58883 0.0128019 0.000961939 0.999918 -105.758 
119 0.998005 -0.0243417 -0.0582589 9.84163 0.0247915 0.999668 0.0070099 1.71456 0.0580689 -0.00844024 0.998277 -106.266 
121 0.993211 -0.0174903 -0.115002 15.8453 0.0188501 0.999765 0.0107476 1.30272 0.114787 -0.0128425 0.993307 -106.28 
123 0.983015 -0.0123188 -0.183112 23.1087 0.0150924 0.999791 0.0137611 0.983922 0.182904 -0.0162909 0.982996 -105.757 
125 0.965434 -0.005263 -0.260596 31.3795 0.00976742 0.999824 0.015993 0.738425 0.260466 -0.0179856 0.965316 -104.328 
127 0.938313 -0.00616249 -0.345733 40.5221 0.0126043 0.999786 0.0163872 0.72159 0.345558 -0.0197341 0.93819 -101.898 
129 0.899885 -0.00494161 -0.436099 50.2836 0.0120834 0.999834 0.0136045 1.03967 0.43596 -0.0175121 0.899796 -98.1659 
131 0.851319 -0.000587649 -0.524648 59.8786 0.0108952 0.999804 0.0165592 0.729897 0.524535 -0.0198133 0.851158 -93.3195 
133 0.79336 -0.00129698 -0.608752 69.042 0.0178621 0.999617 0.0211491 0.251874 0.608491 -0.0276524 0.793079 -87.4652 
135 0.722124 -0.0074857 -0.691723 78.1021 0.0290029 0.99939 0.0194624 0.456555 0.691156 -0.0341163 0.7219 -80.2502 
137 0.642108 -0.00122675 -0.766613 86.3802 0.0267663 0.999425 0.0208199 0.31676 0.766147 -0.033888 0.641772 -71.9176 
138 0.597537 0.000248804 -0.801842 90.2945 0.0245329 0.999526 0.0185922 0.571359 0.801466 -0.0307811 0.597247 -67.2855 
139 0.551209 0.00127482 -0.834366 93.9204 0.0226833 0.999606 0.0165126 0.811385 0.834059 -0.0280281 0.550963 -62.4878 
140 0.502579 0.00339646 -0.864525 97.3166 0.0201286 0.999675 0.0156289 0.910679 0.864297 -0.0252564 0.502347 -57.4491 
142 0.400569 0.0026436 -0.916263 103.175 0.0162142 0.999819 0.00997314 1.5802 0.916123 -0.0188514 0.400454 -46.7907 
144 0.298788 -0.000757992 -0.954319 107.6 0.0261791 0.99963 0.00740243 1.86558 0.953961 -0.027195 0.298697 -36.2324 
146 0.210641 0.00791277 -0.977531 110.421 0.0277044 0.999517 0.0140605 1.11711 0.977171 -0.0300436 0.21032 -27.2119 
148 0.144962 0.0203409 -0.989228 111.966 0.0291297 0.999268 0.024816 -0.110338 0.989008 -0.0324133 0.144263 -20.7768 
150 0.0914055 0.0117925 -0.995744 112.905 0.0237991 0.999618 0.014023 1.15564 0.995529 -0.0249796 0.0910899 -15.8415 
152 0.0446303 0.0112492 -0.99894 113.528 0.0173546 0.999777 0.012034 1.43866 0.998853 -0.0178733 0.0444251 -11.7455 
154 0.00741273 0.0244602 -0.999673 113.864 0.0205047 0.999487 0.0246077 0.00488065 0.999762 -0.0206805 0.00690738 -8.73924 
156 -0.0177931 0.0223402 -0.999592 114.058 0.0307593 0.999289 0.0217859 0.238742 0.999368 -0.0303592 -0.0184677 -7.36279 
158 -0.0266747 0.0311805 -0.999158 114.099 0.0272337 0.999165 0.0304537 -0.708196 0.999273 -0.0263984 -0.0275016 -7.64856 
160 -0.0243982 0.0312887 -0.999213 114.087 0.0251178 0.999214 0.0306754 -0.688248 0.999387 -0.0243496 -0.0251649 -9.41188 
162 -0.021793 0.0262252 -0.999418 114.073 0.0266376 0.999316 0.0256417 -0.118399 0.999408 -0.0260633 -0.0224767 -11.4407 
164 -0.019828 0.0257926 -0.999471 114.036 0.0271678 0.999312 0.0252496 -0.0640196 0.999434 -0.0266528 -0.0205151 -13.2705 
166 -0.0189795 0.0247635 -0.999513 114.055 0.0243712 0.999408 0.0242981 0.113101 0.999523 -0.0238981 -0.0195718 -15.2531 
168 -0.0204032 0.0236475 -0.999512 114.081 0.0205789 0.999518 0.0232275 0.321789 0.99958 -0.0200949 -0.02088 -16.7792 
170 -0.0224362 0.025085 -0.999434 114.123 0.0172227 0.999547 0.0247012 0.250837 0.9996 -0.0166587 -0.0228581 -18.3108 
172 -0.0255836 0.0242697 -0.999378 114.194 0.0140208 0.999616 0.0239166 0.443268 0.999574 -0.0134002 -0.025914 -19.9073 
174 -0.0268304 0.0220856 -0.999396 114.213 0.0236401 0.99949 0.021453 0.527123 0.99936 -0.0230502 -0.0273388 -21.526 
176 -0.0299471 0.0194129 -0.999363 114.294 0.0229798 0.99956 0.0187282 0.87119 0.999287 -0.0224043 -0.0303801 -23.1223 
178 -0.0311776 0.0145626 -0.999408 114.324 0.013373 0.99981 0.0141513 1.69452 0.999424 -0.0129239 -0.0313664 -24.8587 
180 -0.0310207 0.00876633 -0.99948 114.354 0.00643979 0.999943 0.00857051 2.55373 0.999498 -0.00617058 -0.0310754 -26.6164 
182 -0.0296446 0.0138307 -0.999465 114.315 0.0245467 0.999613 0.0131047 1.51104 0.999259 -0.0241451 -0.0299726 -28.6471 
184 -0.0273301 0.0174608 -0.999474 114.27 0.0242694 0.999564 0.0167987 1.12061 0.999332 -0.0237976 -0.027742 -30.636 
186 -0.0259162 0.0217826 -0.999427 114.244 0.0132818 0.999682 0.0214438 1.01146 0.999576 -0.0127184 -0.0261972 -32.5217 
188 -0.0279168 0.017552 -0.999456 114.312 0.01531 0.999736 0.0171293 1.46026 0.999493 -0.0148235 -0.0281782 -34.1178 
189 -0.0290825 0.0157166 -0.999453 114.352 0.0151174 0.999769 0.0152817 1.6931 0.999463 -0.0146647 -0.0293134 -34.8362 
190 -0.0306996 0.0148148 -0.999419 114.415 0.0148705 0.999786 0.0143634 1.81932 0.999418 -0.0144209 -0.0309134 -35.3972 
191 -0.0332205 0.0142318 -0.999347 114.503 0.0150037 0.999793 0.0137394 1.91021 0.999335 -0.0145374 -0.0334272 -36.0939 
192 -0.0350487 0.0123902 -0.999309 114.573 0.0153331 0.999812 0.0118587 2.12293 0.999268 -0.0149069 -0.0352321 -36.741 
193 -0.0374123 0.0107247 -0.999242 114.664 0.0145964 0.999842 0.0101846 2.35973 0.999193 -0.0142043 -0.0375629 -37.3222 
194 -0.0396133 0.0115998 -0.999148 114.755 0.0136939 0.999845 0.011065 2.3138 0.999121 -0.013244 -0.039766 -37.9068 
195 -0.0412872 0.0110533 -0.999086 114.823 0.0134935 0.999854 0.0105041 2.40684 0.999056 -0.0130474 -0.0414303 -38.5419 
196 -0.0433507 0.0106338 -0.999003 114.905 0.0143233 0.999847 0.0100212 2.43897 0.998957 -0.0138746 -0.0434963 -39.0747 
197 -0.0435898 0.0111587 -0.998987 114.914 0.0147482 0.999836 0.0105247 2.37753 0.998941 -0.0142745 -0.0437472 -39.7941 
199 -0.0465905 0.0133705 -0.998825 115.05 0.0129224 0.999835 0.0127813 2.23713 0.99883 -0.0123117 -0.0467555 -41.0251 
201 -0.049159 0.010394 -0.998737 115.166 0.011481 0.999886 0.00984089 2.67153 0.998725 -0.0109827 -0.0492727 -42.3199 
203 -0.0505746 0.00951212 -0.998675 115.233 0.0100585 0.999909 0.00901449 2.86411 0.99867 -0.00958924 -0.0506657 -43.641 
205 -0.0507724 0.0098248 -0.998662 115.255 0.0153425 0.999841 0.00905638 2.62858 0.998592 -0.0148622 -0.0509151 -45.1142 
206 -0.0508911 0.0078245 -0.998674 115.263 0.0169468 0.999832 0.00696999 2.79583 0.99856 -0.0165696 -0.0510151 -45.8364 
207 -0.0509966 0.00846182 -0.998663 115.273 0.0178436 0.999812 0.00756038 2.69621 0.998539 -0.0174342 -0.051138 -46.5492 
208 -0.0509062 0.0098541 -0.998655 115.275 0.0176824 0.999803 0.00896408 2.55953 0.998547 -0.0172023 -0.0510704 -47.2903 
209 -0.0513057 0.010559 -0.998627 115.298 0.0172449 0.999804 0.00968544 2.51544 0.998534 -0.0167243 -0.0514778 -47.9636 
210 -0.0515523 0.00670078 -0.998648 115.306 0.0173177 0.999833 0.00581476 2.95889 0.99852 -0.0169945 -0.0516598 -48.6689 
212 -0.0515605 0.00635207 -0.99865 115.317 0.0161695 0.999854 0.00552489 3.08683 0.998539 -0.0158628 -0.0516557 -50.0998 
213 -0.0524025 0.006525 -0.998605 115.362 0.0155275 0.999863 0.00571841 3.11109 0.998505 -0.0152061 -0.0524966 -50.7214 
214 -0.0558239 0.00346481 -0.998435 115.527 0.0150624 0.999883 0.00262767 3.49902 0.998327 -0.0148922 -0.0558696 -51.0245 
216 -0.0673445 0.00326635 -0.997724 116.123 0.0184032 0.999829 0.00203106 3.40105 0.99756 -0.0182245 -0.067393 -51.0817 
218 -0.0812178 0.00483821 -0.996685 116.837 0.0230292 0.99973 0.00297639 3.03685 0.99643 -0.0227111 -0.0813073 -50.8718 
220 -0.0928529 0.000722447 -0.99568 117.416 0.0208676 0.999782 -0.0012206 3.66293 0.995461 -0.0208908 -0.0928477 -50.8885 
222 -0.101325 -0.00392777 -0.994846 117.832 0.0207728 0.999766 -0.0060629 4.23019 0.994636 -0.02128 -0.10122 -51.3109 
224 -0.10574 -0.0017065 -0.994392 118.089 0.0145371 0.999889 -0.00326175 4.32975 0.994288 -0.0148004 -0.105703 -52.1478 
226 -0.108845 -0.00290159 -0.994054 118.249 0.0114001 0.999926 -0.004167 4.66379 0.993993 -0.0117859 -0.108804 -53.3401 
227 -0.109194 -0.000825675 -0.99402 118.28 0.0151485 0.999882 -0.00249462 4.2401 0.993905 -0.0153303 -0.109169 -54.0597 
229 -0.109883 0.0121067 -0.993871 118.371 0.0241194 0.999664 0.00951061 2.3136 0.993652 -0.0229265 -0.110138 -55.4656 
230 -0.110665 0.0130091 -0.993773 118.409 0.0250402 0.999633 0.0102974 2.17324 0.993542 -0.0237447 -0.110951 -56.1781 
231 -0.110903 0.0111669 -0.993768 118.424 0.0228481 0.999701 0.00868375 2.51617 0.993569 -0.0217427 -0.111125 -56.9226 
232 -0.110719 0.0114301 -0.993786 118.417 0.0180601 0.999792 0.00948707 2.77441 0.993688 -0.0168974 -0.110902 -57.7091 
233 -0.110736 0.0135602 -0.993757 118.423 0.0162263 0.999798 0.0118345 2.65666 0.993717 -0.0148145 -0.110934 -58.4707 
234 -0.111567 0.0137747 -0.993661 118.474 0.0158367 0.999802 0.0120817 2.67194 0.993631 -0.0143884 -0.111763 -59.1446 
235 -0.113396 0.0123483 -0.993473 118.586 0.0167862 0.999804 0.0105109 2.79287 0.993408 -0.0154847 -0.113581 -59.7082 
236 -0.115813 0.011495 -0.993204 118.733 0.0173039 0.999805 0.00955365 2.87415 0.99312 -0.0160798 -0.11599 -60.1965 
237 -0.117902 0.01279 -0.992943 118.869 0.0174572 0.999789 0.0108054 2.73948 0.992872 -0.01606 -0.1181 -60.7273 
238 -0.119738 0.0134197 -0.992715 118.99 0.017658 0.999779 0.0113854 2.6725 0.992649 -0.0161661 -0.119948 -61.291 
239 -0.121491 0.0132406 -0.992504 119.102 0.0173289 0.999787 0.0112166 2.72785 0.992441 -0.0158363 -0.121694 -61.8768 
240 -0.123297 0.0107302 -0.992312 119.215 0.0176153 0.999808 0.00862255 3.00619 0.992213 -0.0164167 -0.123462 -62.443 
241 -0.124527 0.0109189 -0.992156 119.329 0.0191921 0.999779 0.00859396 2.90531 0.992031 -0.0179714 -0.124709 -62.9639 
243 -0.126804 0.00900078 -0.991887 119.447 0.0197712 0.999783 0.00654485 3.10604 0.991731 -0.0187809 -0.126955 -64.3431 
245 -0.129083 0.00717826 -0.991608 119.602 0.0156489 0.999864 0.00520092 3.60793 0.99151 -0.0148462 -0.129178 -65.655 
247 -0.132861 0.00592789 -0.991117 119.869 0.0131093 0.999905 0.00422312 3.94674 0.991048 -0.0124317 -0.132927 -66.8357 
249 -0.136568 0.00620482 -0.990611 120.121 0.0148873 0.99988 0.00421049 3.82691 0.990519 -0.0141725 -0.136644 -67.9797 
251 -0.138572 0.00996298 -0.990302 120.281 0.022438 0.999724 0.00691805 2.91525 0.990098 -0.0212617 -0.138757 -69.4046 
253 -0.139264 0.0133276 -0.990166 120.344 0.0274972 0.999576 0.00958681 2.20622 0.989873 -0.0258917 -0.139572 -71.0118 
255 -0.138578 0.017562 -0.990196 120.312 0.0250216 0.999586 0.0142268 1.94108 0.990035 -0.0228048 -0.13896 -72.7924 
256 -0.137723 0.0167916 -0.990328 120.252 0.0232998 0.999635 0.0137091 2.1644 0.990197 -0.0211864 -0.138064 -73.7646 
257 -0.136216 0.0155614 -0.990557 120.167 0.0210147 0.999697 0.0128151 2.48481 0.990456 -0.0190706 -0.136502 -74.8745 
258 -0.13436 0.0159781 -0.990804 120.008 0.0176353 0.99975 0.0137309 2.70232 0.990776 -0.0156282 -0.134608 -75.9148 
259 -0.132467 0.0163821 -0.991052 119.869 0.0143422 0.99979 0.0146095 2.92483 0.991084 -0.0122785 -0.132675 -77.0169 
260 -0.130921 0.0147427 -0.991283 119.751 0.0142542 0.999814 0.012987 3.12589 0.99129 -0.0124297 -0.131107 -78.106 
262 -0.127503 0.0165118 -0.991701 119.493 0.0247457 0.999603 0.0134619 2.11674 0.991529 -0.0228239 -0.127861 -80.3196 
263 -0.125915 0.0145763 -0.991934 119.36 0.0282671 0.999539 0.0110998 2.04537 0.991638 -0.0266415 -0.126269 -81.4337 
264 -0.124537 0.0131901 -0.992127 119.278 0.0256474 0.99962 0.0100703 2.42543 0.991883 -0.0241913 -0.124828 -82.5605 
266 -0.12272 0.0147905 -0.992331 119.11 0.0215275 0.999693 0.012238 2.62151 0.992208 -0.0198605 -0.123 -84.5989 
268 -0.12161 0.0133562 -0.992488 119.026 0.0210404 0.999719 0.0108754 2.8512 0.992355 -0.0195598 -0.121857 -86.5481 
270 -0.119507 0.0185097 -0.992661 118.862 0.0186134 0.999692 0.0163999 2.53489 0.992659 -0.0165169 -0.119815 -88.5806 
272 -0.118228 0.0212163 -0.99276 118.768 0.0219216 0.999584 0.0187515 1.97637 0.992744 -0.0195459 -0.118644 -90.5102 
274 -0.117013 0.0134299 -0.99304 118.647 0.019061 0.999755 0.0112747 3.11059 0.992947 -0.017609 -0.117241 -92.4292 
276 -0.118635 0.00538696 -0.992923 118.784 0.0173031 0.999845 0.00335713 4.18333 0.992787 -0.0167824 -0.11871 -93.9946 
278 -0.120677 0.00175647 -0.99269 118.98 0.0247124 0.999694 -0.00123531 3.8993 0.992384 -0.0246809 -0.120683 -95.51 
280 -0.121601 0.00363944 -0.992572 119.088 0.0243497 0.999703 0.000682482 3.76786 0.99228 -0.0240859 -0.121653 -97.1051 
282 -0.122531 0.00649632 -0.992443 119.201 0.0283392 0.999594 0.00304424 3.10272 0.99206 -0.027752 -0.122666 -98.6809 
283 -0.122843 0.00537088 -0.992412 119.237 0.0294065 0.999566 0.0017696 3.13273 0.99199 -0.0289659 -0.122947 -99.4153 
285 -0.126777 0.00195916 -0.991929 119.622 0.0287367 0.999586 -0.0016985 3.60902 0.991515 -0.0287201 -0.12678 -100.684 
286 -0.129908 0.00179635 -0.991524 119.947 0.0296182 0.999559 -0.00206963 3.56477 0.991084 -0.0296361 -0.129904 -101.093 
287 -0.133019 0.0015136 -0.991112 120.263 0.0322015 0.999477 -0.00279546 3.35741 0.99059 -0.0322872 -0.132998 -101.548 
288 -0.136013 -0.000191398 -0.990707 120.564 0.0334019 0.999431 -0.0047788 3.43885 0.990144 -0.0337415 -0.135929 -101.958 
290 -0.142203 0.00158783 -0.989836 121.219 0.0320376 0.999482 -0.00299933 3.44388 0.989319 -0.0321385 -0.14218 -102.839 
291 -0.144616 0.00302614 -0.989483 121.479 0.0328102 0.99946 -0.00173866 3.23581 0.988944 -0.0327166 -0.144637 -103.337 
292 -0.146589 -0.00146486 -0.989196 121.665 0.0370416 0.999289 -0.00696899 3.29414 0.988504 -0.037663 -0.14643 -103.903 
293 -0.148241 -0.00393414 -0.988944 121.828 0.0439191 0.998979 -0.0105574 2.85345 0.987976 -0.0449985 -0.147916 -104.514 
295 -0.153441 0.00252676 -0.988155 122.42 0.0450565 0.998975 -0.00444194 2.08809 0.98713 -0.0452043 -0.153397 -105.429 
296 -0.157199 0.000818274 -0.987567 122.818 0.037104 0.999299 -0.00507816 3.15395 0.98687 -0.037441 -0.157119 -105.742 
297 -0.159504 -0.000234422 -0.987197 123.062 0.0348201 0.999376 -0.00586329 3.54026 0.986583 -0.0353096 -0.159396 -106.234 
298 -0.161102 -0.000591593 -0.986938 123.232 0.0378382 0.999261 -0.00677547 3.2705 0.986212 -0.0384355 -0.16096 -106.82 
299 -0.163919 -0.00315534 -0.986469 123.525 0.0414032 0.999092 -0.0100756 3.17704 0.985605 -0.0424945 -0.16364 -107.262 
300 -0.166384 -0.00377757 -0.986054 123.792 0.0437947 0.998978 -0.0112169 3.00617 0.985088 -0.0450503 -0.166049 -107.733 
301 -0.168333 -0.000156106 -0.98573 124.032 0.0479694 0.998814 -0.00834991 2.1928 0.984562 -0.0486905 -0.168126 -108.245 
302 -0.170306 0.000158087 -0.985391 124.253 0.0524091 0.998586 -0.0088977 1.69215 0.983997 -0.0531588 -0.170073 -108.765 
303 -0.173115 -0.000437107 -0.984902 124.565 0.0546256 0.998456 -0.0100446 1.53311 0.983386 -0.0555397 -0.172824 -109.17 
304 -0.175291 0.000466327 -0.984517 124.843 0.0521557 0.9986 -0.00881319 1.73767 0.983134 -0.052893 -0.17507 -109.623 
306 -0.185121 0.00702162 -0.982691 125.959 0.0471103 0.998888 -0.00173736 1.69158 0.981586 -0.0466165 -0.185246 -109.874 
308 -0.199857 0.00454259 -0.979815 127.605 0.0460202 0.998929 -0.00475571 2.17283 0.978744 -0.0460417 -0.199852 -109.478 
309 -0.210672 0.00392559 -0.977549 128.796 0.04627 0.998911 -0.00596028 2.27848 0.976461 -0.0464868 -0.210624 -108.842 
310 -0.222404 0.00441112 -0.974945 130.1 0.0471903 0.998866 -0.00624568 2.19632 0.973812 -0.047397 -0.22236 -108.033 
311 -0.234671 0.00542303 -0.97206 131.472 0.0480033 0.998829 -0.00601639 2.07706 0.970889 -0.048074 -0.234656 -107.039 
312 -0.246385 0.00841416 -0.969136 132.751 0.0478425 0.998849 -0.00349093 1.84981 0.967991 -0.047226 -0.246504 -106.264 
313 -0.257193 0.0117344 -0.966289 133.95 0.0478928 0.998852 -0.000617644 1.56222 0.965172 -0.0464371 -0.25746 -105.496 
314 -0.267457 0.0157085 -0.963442 135.086 0.0479662 0.998845 0.00297 1.19901 0.962375 -0.0454183 -0.267901 -104.774 
315 -0.276127 0.0215065 -0.960881 136.056 0.0486774 0.99878 0.00836644 0.563341 0.959888 -0.044463 -0.276837 -104.177 
316 -0.283881 0.0266509 -0.958489 136.911 0.0487421 0.998722 0.0133333 0.0625064 0.95762 -0.0429337 -0.284817 -103.845 
317 -0.29013 0.0269558 -0.956608 137.586 0.0489528 0.998713 0.0132954 0.0517337 0.955734 -0.0429712 -0.291076 -103.677 
318 -0.294946 0.0303956 -0.95503 138.132 0.0470117 0.998745 0.0172681 -0.0691126 0.954357 -0.0398044 -0.296005 -103.624 
319 -0.296915 0.036546 -0.954204 138.36 0.0445179 0.998711 0.0243982 -0.429602 0.953865 -0.035235 -0.29816 -104.08 
320 -0.297665 0.0427881 -0.953711 138.459 0.0433164 0.998572 0.0312812 -0.941636 0.953687 -0.032 -0.299094 -104.646 
321 -0.298799 0.0449206 -0.953258 138.596 0.0417815 0.99855 0.0339585 -0.977081 0.953401 -0.0296818 -0.300242 -105.184 
322 -0.298379 0.0474498 -0.953267 138.549 0.0471425 0.998277 0.0349343 -1.82517 0.953282 -0.0345157 -0.300102 -105.909 
323 -0.296832 0.0470051 -0.953772 138.386 0.0503075 0.998171 0.0335366 -2.12699 0.953604 -0.0380272 -0.298654 -106.848 
324 -0.296036 0.04908 -0.953915 138.304 0.0502263 0.998097 0.0357661 -2.33004 0.953855 -0.0373235 -0.297938 -107.642 
325 -0.294155 0.0503408 -0.954431 138.097 0.0486601 0.998106 0.0376474 -2.28149 0.954518 -0.0353685 -0.296047 -108.595 
326 -0.292374 0.0523247 -0.954871 137.903 0.0459935 0.998116 0.0406115 -2.17239 0.955197 -0.0320441 -0.29423 -109.533 
327 -0.290953 0.0529265 -0.955272 137.747 0.0464558 0.998072 0.0411485 -2.27804 0.955609 -0.0324057 -0.292851 -110.411 
328 -0.288725 0.054205 -0.955876 137.497 0.0486935 0.997935 0.041882 -2.66667 0.956173 -0.0344526 -0.290768 -111.391 
329 -0.284287 0.0557413 -0.957118 136.986 0.0504764 0.997794 0.0431176 -3.04047 0.95741 -0.0360541 -0.286473 -112.683 
330 -0.27907 0.0568966 -0.958584 136.38 0.0496554 0.997763 0.044766 -3.07105 0.958986 -0.035106 -0.281271 -114.092 
331 -0.273415 0.0585162 -0.960115 135.713 0.0479463 0.997736 0.0471553 -3.04054 0.960701 -0.033141 -0.275601 -115.548 
332 -0.268884 0.05843 -0.961399 135.174 0.0460001 0.997798 0.0477769 -2.79826 0.962074 -0.031378 -0.270979 -116.849 
333 -0.265044 0.058357 -0.962469 134.715 0.0450142 0.997827 0.0481049 -2.66851 0.963185 -0.0305749 -0.267095 -118.041 
334 -0.261184 0.059047 -0.963481 134.246 0.0435906 0.997831 0.0493353 -2.56376 0.964304 -0.0291132 -0.263191 -119.223 
335 -0.257122 0.0623722 -0.964364 133.749 0.0420687 0.997691 0.0533112 -2.71337 0.965463 -0.0268621 -0.259152 -120.418 
336 -0.253372 0.0642683 -0.965232 133.284 0.0404555 0.997622 0.0558054 -2.70179 0.966523 -0.0249094 -0.255369 -121.574 
337 -0.250332 0.0623155 -0.966152 132.912 0.0389865 0.997766 0.054253 -2.30819 0.967375 -0.0240857 -0.252203 -122.737 
338 -0.246434 0.0596374 -0.967323 132.417 0.0398142 0.997885 0.0513787 -2.13786 0.968342 -0.0258517 -0.248287 -123.814 
339 -0.241658 0.0607202 -0.96846 131.811 0.0432396 0.997723 0.0517654 -2.68922 0.969398 -0.0293663 -0.243733 -125.068 
340 -0.236244 0.0625822 -0.969676 131.115 0.0466781 0.997503 0.0530059 -3.33194 0.970572 -0.0327404 -0.238575 -126.389 
341 -0.229863 0.061606 -0.971271 130.287 0.0475473 0.997514 0.0520178 -3.36173 0.972061 -0.0342244 -0.23222 -127.85 
343 -0.210581 0.057328 -0.975894 127.752 0.0438328 0.997829 0.0491582 -2.47916 0.976593 -0.0324244 -0.212637 -131.929 
345 -0.185267 0.0582418 -0.980961 124.303 0.0413111 0.997821 0.0514407 -2.28846 0.98182 -0.0309944 -0.187269 -136.076 
347 -0.15116 0.0565062 -0.986893 119.529 0.0398037 0.997903 0.05104 -1.98933 0.987708 -0.0315668 -0.153092 -141.48 
349 -0.108467 0.0513708 -0.992772 113.329 0.0383947 0.998135 0.0474535 -1.39731 0.993358 -0.0329701 -0.110237 -147.676 
350 -0.0861478 0.0453959 -0.995248 109.984 0.039333 0.998338 0.0421322 -1.01344 0.995506 -0.0355165 -0.0877902 -151.027 
351 -0.0652517 0.0393773 -0.997092 106.799 0.0405497 0.9985 0.0367792 -0.686299 0.997045 -0.0380319 -0.0667506 -153.667 
352 -0.046203 0.0327132 -0.998396 103.833 0.0410508 0.998682 0.0308228 -0.182995 0.998088 -0.0395609 -0.047485 -156.275 
354 -0.0218356 0.0171942 -0.999614 99.9298 0.0386875 0.999118 0.0163406 1.61302 0.999013 -0.0383158 -0.0224815 -159.955 
355 -0.0196149 0.00903011 -0.999767 99.5301 0.0361241 0.999313 0.00831727 2.81508 0.999155 -0.0359525 -0.0199276 -160.77 
356 -0.0259257 0.00226276 -0.999661 100.493 0.0328262 0.99946 0.00141097 4.02932 0.999125 -0.0327785 -0.025986 -160.723 
357 -0.0382912 -0.000467317 -0.999267 102.447 0.0296518 0.999559 -0.00160369 4.85005 0.998827 -0.0296915 -0.0382605 -160.029 
358 -0.0518401 -0.000418365 -0.998655 104.603 0.0276357 0.999616 -0.00185333 5.21827 0.998273 -0.0276946 -0.0518087 -159.178 
359 -0.0641712 0.00259532 -0.997936 106.578 0.026405 0.999651 0.000901837 5.16912 0.99759 -0.0262926 -0.0642173 -158.414 
360 -0.0764384 0.00334763 -0.997069 108.519 0.0258851 0.999664 0.00137191 5.22382 0.996738 -0.0257044 -0.0764993 -157.64 
361 -0.0903335 0.00108145 -0.995911 110.644 0.0252709 0.99968 -0.00120664 5.58445 0.995591 -0.0252765 -0.090332 -157.183 
362 -0.106945 -0.00378925 -0.994258 113.234 0.0234983 0.999704 -0.00633754 6.37993 0.993987 -0.0240411 -0.106824 -155.344 
363 -0.123841 -0.00270899 -0.992298 115.864 0.0230368 0.999719 -0.0056043 6.39695 0.992035 -0.0235534 -0.123744 -153.937 
364 -0.139217 -0.000733577 -0.990262 118.247 0.0220583 0.999749 -0.0038417 6.40372 0.990016 -0.0223783 -0.139166 -152.652 
365 -0.153435 0.0011724 -0.988158 120.438 0.0205339 0.999787 -0.00200218 6.49597 0.987945 -0.020598 -0.153426 -151.458 
366 -0.167608 0.00138637 -0.985853 122.595 0.0188976 0.99982 -0.00180682 6.76375 0.985673 -0.018933 -0.167604 -150.236 
367 -0.181329 -0.000447386 -0.983422 124.657 0.0179163 0.999832 -0.00375835 7.12711 0.983259 -0.0183008 -0.18129 -149.043 
369 -0.204334 0.00329347 -0.978896 128.143 0.0183822 0.999831 -0.000473174 6.75862 0.978729 -0.0180909 -0.20436 -147.11 
370 -0.214075 0.00831893 -0.976782 129.64 0.0216994 0.999757 0.00375888 5.80064 0.976576 -0.0203909 -0.214203 -146.359 
371 -0.221083 0.00819548 -0.975221 130.686 0.0223259 0.999745 0.00334027 5.74439 0.974999 -0.0210342 -0.22121 -145.961 
372 -0.226077 0.0103291 -0.974055 131.47 0.0223239 0.999736 0.00542012 5.56295 0.973854 -0.0205194 -0.226248 -145.971 
374 -0.231571 0.0102001 -0.972764 132.275 0.0199837 0.999784 0.00572617 5.94842 0.972613 -0.0181134 -0.231725 -146.077 
376 -0.232816 0.0134769 -0.972428 132.496 0.0201303 0.999757 0.00903616 5.63505 0.972313 -0.0174715 -0.23303 -146.923 
378 -0.238209 0.0124464 -0.971134 133.328 0.0233268 0.999703 0.00709068 5.2756 0.970934 -0.0209644 -0.238429 -147.359 
380 -0.247807 0.0106849 -0.96875 134.748 0.0237305 0.999706 0.004956 5.42059 0.968519 -0.0217608 -0.247988 -146.898 
382 -0.258525 0.0132259 -0.965914 136.389 0.0233862 0.999699 0.00742923 5.26721 0.965721 -0.0206684 -0.258757 -146.454 
384 -0.269866 0.0150637 -0.96278 138.119 0.0254979 0.999639 0.00849341 4.80979 0.96256 -0.0222568 -0.270152 -145.958 
386 -0.280797 0.0161103 -0.959632 139.793 0.0286645 0.999554 0.00839305 4.25927 0.959339 -0.0251506 -0.281133 -145.71 
389 -0.294168 0.0220218 -0.9555 141.851 0.0290052 0.99948 0.0141056 3.69542 0.955313 -0.023565 -0.294654 -145.278 
391 -0.300836 0.0228274 -0.953403 142.872 0.0234078 0.999589 0.0165472 4.50069 0.953389 -0.017339 -0.301247 -145.451 
394 -0.306737 0.027628 -0.951393 143.814 0.0184815 0.999563 0.0230683 4.83884 0.951615 -0.0105073 -0.307113 -146.307 
397 -0.305282 0.0304863 -0.951774 143.639 0.0228626 0.999434 0.0246797 3.91334 0.951988 -0.0142257 -0.305806 -148.42 
400 -0.297001 0.030544 -0.954389 142.336 0.0224791 0.999435 0.0249902 3.98958 0.954613 -0.0140317 -0.29752 -151.305 
402 -0.290733 0.0327145 -0.956245 141.362 0.0267373 0.999303 0.0260584 3.11647 0.956431 -0.0179914 -0.291405 -153.371 
405 -0.278947 0.0322903 -0.959763 139.47 0.0257766 0.999326 0.0261296 3.32157 0.959961 -0.0174507 -0.279591 -156.696 
408 -0.261832 0.0353963 -0.964464 136.691 0.0156355 0.999352 0.032432 4.71815 0.964987 -0.00658815 -0.262216 -160.559 
411 -0.228279 0.0336634 -0.973014 131.043 0.0130785 0.999418 0.0315086 5.33012 0.973508 -0.00553276 -0.228586 -166.479 
414 -0.170749 0.0335735 -0.984742 121.052 0.0214969 0.999308 0.0303427 3.83856 0.98508 -0.0159879 -0.171353 -175.143 
416 -0.116516 0.0295152 -0.99275 111.27 0.0188989 0.999443 0.027496 4.61006 0.993009 -0.0155582 -0.117009 -182.301 
418 -0.0532284 0.0198952 -0.998384 99.4322 0.0149949 0.999705 0.0191221 6.12956 0.99847 -0.0139528 -0.053511 -189.766 
420 0.00879353 0.0101497 -0.99991 87.4332 0.0084615 0.999912 0.0102241 8.21418 0.999926 -0.00855065 0.00870688 -196.306 
422 0.0731997 0.00802 -0.997285 74.463 0.00186739 0.999965 0.00817861 9.71534 0.997316 -0.00246099 0.0731821 -202.085 
424 0.138362 0.00601516 -0.990363 61.2348 -0.000517855 0.999982 0.00600123 10.3905 0.990382 -0.000317477 0.138362 -207.413 
426 0.211117 0.00521437 -0.977447 45.7863 0.00314997 0.999977 0.00601492 9.68062 0.977456 -0.00434878 0.211096 -212.164 
428 0.292291 0.0057523 -0.956312 27.8704 0.00630779 0.999949 0.00794271 8.90088 0.956309 -0.0083538 0.29224 -216.027 
430 0.377006 -0.00674692 -0.926186 8.30968 0.0160459 0.999871 -0.000752167 7.74666 0.926072 -0.0145779 0.377066 -218.579 
431 0.421285 -0.00798958 -0.906893 -2.32739 0.0195594 0.999809 0.000277899 6.96315 0.906717 -0.0178553 0.421361 -218.891 
432 0.46465 -0.00614748 -0.885473 -12.7654 0.0206941 0.999778 0.00391815 6.40847 0.885252 -0.0201447 0.464674 -219.263 
433 0.507113 -0.00288981 -0.861875 -23.3295 0.0216939 0.99972 0.00941236 5.71349 0.861606 -0.0234706 0.507034 -218.861 
434 0.550148 0.0013772 -0.835066 -34.3127 0.0207425 0.999668 0.015314 5.37013 0.83481 -0.0257463 0.549936 -217.874 
435 0.590389 -1.74667e-05 -0.807118 -44.9134 0.0200259 0.999692 0.0146269 5.58166 0.80687 -0.0247989 0.590208 -216.387 
436 0.628646 -0.00631345 -0.777666 -55.3196 0.0206908 0.999749 0.00860953 6.01007 0.777416 -0.0215029 0.628619 -214.305 
438 0.702594 -0.0120303 -0.711489 -76.2897 0.0221289 0.999743 0.00494797 6.07218 0.711247 -0.0192209 0.702679 -208.931 
439 0.735978 -0.0112167 -0.676912 -86.1958 0.0210376 0.999759 0.00630693 6.17422 0.676678 -0.0188823 0.736037 -205.557 
440 0.766297 -0.00999069 -0.642409 -95.3851 0.0199031 0.999768 0.00819306 6.23749 0.642178 -0.0190642 0.766318 -201.938 
442 0.817752 -0.00964144 -0.575491 -112.137 0.017703 0.999808 0.00840519 6.6741 0.575299 -0.0170613 0.817765 -194.3 
444 0.857081 -0.0118441 -0.515046 -125.835 0.0172481 0.999835 0.00570989 7.04079 0.514893 -0.0137774 0.857144 -186.81 
446 0.884842 -0.0126556 -0.465719 -136.188 0.014527 0.999894 0.000429159 8.12018 0.465664 -0.00714525 0.884933 -180.876 
448 0.903379 -0.00954649 -0.428736 -143.495 0.00956446 0.999952 -0.00211247 9.40969 0.428736 -0.00219226 0.903427 -176.679 
450 0.918521 -0.000194856 -0.395373 -149.694 0.000958733 0.999998 0.00173447 10.8207 0.395372 -0.0019722 0.918519 -173.292 
452 0.931748 0.00250228 -0.363097 -155.665 -0.00167199 0.999995 0.00260093 11.2933 0.363102 -0.00181631 0.931748 -169.296 
453 0.937932 0.00297043 -0.346808 -158.553 -0.00200905 0.999993 0.00313159 11.32 0.346814 -0.00224046 0.937931 -167.503 
455 0.945671 -0.000960981 -0.325124 -162.373 0.000962427 1 -0.000156374 11.0695 0.325124 -0.000165031 0.945671 -165.504 
457 0.947678 -0.00642692 -0.319163 -163.455 0.00555596 0.999978 -0.00363925 10.5042 0.319179 0.00167558 0.947693 -166.453 
458 0.947693 -0.00485938 -0.319147 -163.417 0.0040719 0.999987 -0.00313464 10.7724 0.319158 0.00167114 0.9477 -167.44 
460 0.947761 0.000157693 -0.318981 -163.393 1.8883e-05 1 0.00055047 11.2554 0.318981 -0.000527737 0.947761 -169.519 
462 0.947571 0.00101792 -0.319545 -163.251 -0.000599147 0.999999 0.00140882 11.3101 0.319546 -0.0011435 0.94757 -171.639 
463 0.947352 0.00114739 -0.320191 -163.121 -0.00121356 0.999999 -7.12125e-06 11.6142 0.320191 0.000395318 0.947353 -172.812 
464 0.946952 0.00204507 -0.321369 -162.883 -0.00310571 0.999991 -0.00278779 12.3403 0.321361 0.00363799 0.94695 -174.116 
465 0.94687 0.00506203 -0.321576 -162.811 -0.0062655 0.999977 -0.00270761 13.0146 0.321555 0.00457859 0.94688 -175.203 
466 0.946628 0.00499938 -0.322291 -162.669 -0.00628246 0.999976 -0.00294109 13.0645 0.322268 0.00480889 0.946636 -176.293 
468 0.946248 0.00760018 -0.323353 -162.447 -0.00882994 0.999958 -0.00233632 13.5702 0.323322 0.00506593 0.946275 -178.137 
470 0.946272 0.0112079 -0.323178 -162.429 -0.0137455 0.99989 -0.00557055 15.0353 0.32308 0.00971348 0.946322 -180.281 
471 0.946069 0.0131987 -0.323697 -162.306 -0.0156657 0.999865 -0.00501661 15.3934 0.323586 0.00981698 0.946148 -181.266 
473 0.946142 0.0147988 -0.323412 -162.335 -0.0164949 0.999861 -0.00250393 15.3045 0.32333 0.00770373 0.946255 -183.21 
