0 1 1.52647e-05 -3.55403e-06 0.000106685 -1.52646e-05 1 2.55955e-05 -2.36539e-05 3.55442e-06 -2.55954e-05 1 -0.000209094 
7 0.999832 -0.0021737 0.0181943 0.00149288 0.00214638 0.999997 0.00152118 0.239717 -0.0181975 -0.00148187 0.999833 -4.5589 
9 0.999731 -0.00238829 0.0230696 -0.00321338 0.00237487 0.999997 0.00060903 0.310278 -0.023071 -0.000554079 0.999734 -5.88815 
11 0.999592 -0.00259899 0.0284518 -0.0259074 0.00258628 0.999997 0.000483674 0.386388 -0.028453 -0.000409892 0.999595 -7.21619 
13 0.999431 -0.00170999 0.03369 -0.056637 0.0016569 0.999997 0.00160384 0.447311 -0.0336927 -0.0015471 0.999431 -8.51735 
15 0.999246 -0.00114304 0.0388026 -0.0920059 0.00103203 0.999995 0.00288085 0.513307 -0.0388057 -0.00283863 0.999243 -9.87402 
17 0.999029 0.00031753 0.0440637 -0.138655 -0.000468623 0.999994 0.00341867 0.578237 -0.0440623 -0.003436 0.999023 -11.2056 
19 0.99879 0.000294955 0.0491839 -0.184471 -0.000367862 0.999999 0.00147328 0.666592 -0.0491834 -0.00148959 0.998789 -12.5356 
21 0.99855 -0.000301365 0.0538253 -0.235025 0.000342596 1 -0.000756784 0.775778 -0.053825 0.000774127 0.99855 -13.8893 
23 0.998324 -7.12697e-05 0.0578698 -0.27916 5.24703e-05 1 0.000326376 0.836092 -0.0578698 -0.000322793 0.998324 -15.2442 
25 0.99811 -0.00230512 0.0614038 -0.322438 0.00215891 0.999995 0.00244738 0.876969 -0.0614092 -0.00231019 0.99811 -16.6083 
27 0.997859 -0.00255351 0.0653477 -0.378275 0.00240393 0.999994 0.00236747 0.950608 -0.0653534 -0.00220531 0.99786 -17.9736 
29 0.997482 -0.00236466 0.0708821 -0.46906 0.00222969 0.999996 0.00198327 1.03141 -0.0708864 -0.00182023 0.997483 -19.3382 
31 0.997045 -0.0040479 0.076715 -0.572745 0.0039352 0.999991 0.00162023 1.11327 -0.0767209 -0.00131355 0.997052 -20.7 
33 0.996631 -0.00495937 0.0818605 -0.667775 0.00496623 0.999988 0.000119802 1.22081 -0.0818601 0.00028714 0.996644 -22.0624 
35 0.996252 -0.00538258 0.0863298 -0.74887 0.0055302 0.999984 -0.00147097 1.34623 -0.0863205 0.00194288 0.996266 -23.4276 
37 0.995883 -0.00462612 0.0905258 -0.837703 0.00484039 0.999986 -0.00214753 1.43443 -0.0905146 0.00257686 0.995892 -24.7966 
39 0.995481 -0.00608656 0.094766 -0.932553 0.0063065 0.999978 -0.00202152 1.51188 -0.0947517 0.00261003 0.995498 -26.1645 
41 0.995028 -0.00567909 0.0994338 -1.04179 0.00570561 0.999984 1.76884e-05 1.53304 -0.0994322 0.00054973 0.995044 -27.5302 
43 0.994582 -0.00732302 0.103698 -1.14542 0.00721071 0.999973 0.00145786 1.57376 -0.103705 -0.000702226 0.994608 -28.901 
45 0.994083 -0.0101144 0.108155 -1.2646 0.0100955 0.999949 0.000722342 1.67558 -0.108157 0.000373816 0.994134 -30.2728 
47 0.993553 -0.0111785 0.112819 -1.39321 0.0113108 0.999936 -0.00053226 1.79512 -0.112806 0.0018049 0.993615 -31.6386 
49 0.993011 -0.0125602 0.117352 -1.52657 0.0127627 0.999918 -0.000974139 1.89018 -0.11733 0.00246505 0.99309 -33.0066 
51 0.992422 -0.0139837 0.122074 -1.67434 0.0138739 0.999902 0.00174936 1.88172 -0.122087 -4.24532e-05 0.992519 -34.3749 
53 0.99181 -0.0153976 0.126794 -1.82668 0.0149951 0.999879 0.00412819 1.87829 -0.126842 -0.00219309 0.991921 -35.7516 
55 0.991112 -0.0174084 0.131888 -1.99943 0.0168458 0.999844 0.00538076 1.91342 -0.131962 -0.00311116 0.99125 -37.1196 
57 0.990472 -0.0177866 0.136562 -2.16427 0.0173824 0.99984 0.00415205 2.04118 -0.136614 -0.00173872 0.990623 -38.4799 
59 0.989766 -0.0193019 0.141385 -2.34103 0.0192711 0.999813 0.0015872 2.22313 -0.141389 0.00115369 0.989953 -39.8406 
61 0.989011 -0.0167559 0.146892 -2.54877 0.0168581 0.999858 0.000549069 2.33693 -0.146881 0.00193329 0.989152 -41.2036 
63 0.988317 -0.0151382 0.15166 -2.73701 0.0152147 0.999884 0.000655829 2.40661 -0.151652 0.00165929 0.988433 -42.5642 
65 0.987586 -0.012332 0.156595 -2.93907 0.0123756 0.999923 0.000696575 2.47142 -0.156592 0.00125002 0.987663 -43.9242 
67 0.986671 -0.0122023 0.162272 -3.18251 0.0121475 0.999925 0.00133042 2.51848 -0.162276 0.000658506 0.986745 -45.2802 
69 0.985787 -0.0114294 0.167613 -3.40724 0.0114875 0.999934 0.000622736 2.62264 -0.167609 0.00131157 0.985853 -46.6372 
71 0.984874 -0.0132462 0.172767 -3.63733 0.0132427 0.999912 0.00117286 2.68312 -0.172768 0.00113279 0.984962 -48.0005 
73 0.984105 -0.0136415 0.177063 -3.83458 0.0135097 0.999907 0.00194979 2.72064 -0.177073 0.000473273 0.984198 -49.3494 
75 0.983326 -0.0135272 0.181345 -4.03828 0.0134647 0.999908 0.00157574 2.81558 -0.18135 0.000892305 0.983418 -50.6977 
77 0.982544 -0.0124197 0.185615 -4.24293 0.0125517 0.999921 0.000464364 2.94538 -0.185606 0.00187352 0.982623 -52.0577 
79 0.981868 -0.0116496 0.18921 -4.42487 0.0117756 0.999931 0.0004584 3.01977 -0.189202 0.00177797 0.981937 -53.4209 
81 0.981211 -0.0133005 0.192481 -4.59757 0.0131433 0.999911 0.00209359 3.01637 -0.192492 0.000475589 0.981298 -54.7663 
83 0.98049 -0.0162525 0.195893 -4.78262 0.0161291 0.999867 0.00222525 3.09995 -0.195904 0.000977753 0.980623 -56.1275 
85 0.979794 -0.0175275 0.199242 -4.95762 0.0174391 0.999846 0.00219862 3.18901 -0.19925 0.0013204 0.979948 -57.4885 
88 0.978787 -0.0180626 0.204083 -5.21904 0.0177953 0.999837 0.00314512 3.25266 -0.204106 0.000553312 0.978949 -59.5331 
90 0.97812 -0.018869 0.207186 -5.39213 0.0185129 0.999822 0.00365762 3.30579 -0.207218 0.000258008 0.978295 -60.9098 
92 0.977456 -0.0184067 0.210337 -5.57439 0.0178069 0.99983 0.00474538 3.30849 -0.210389 -0.000892944 0.977617 -62.2809 
94 0.976804 -0.0175358 0.213414 -5.75568 0.0169936 0.999846 0.00437516 3.40156 -0.213458 -0.000647013 0.976952 -63.61 
96 0.976137 -0.0184754 0.216368 -5.94542 0.0180342 0.999829 0.00401321 3.49996 -0.216405 -1.54198e-05 0.976304 -64.8753 
99 0.975196 -0.0186918 0.220552 -6.20414 0.0174705 0.999819 0.00748669 3.38461 -0.220652 -0.00344784 0.975347 -66.8631 
102 0.974109 -0.020614 0.225136 -6.50857 0.019516 0.999784 0.00710168 3.54324 -0.225234 -0.00252405 0.974301 -68.8023 
105 0.973044 -0.0193636 0.229807 -6.8169 0.0189738 0.999812 0.00390632 3.87304 -0.229839 0.000559286 0.973228 -70.751 
107 0.972336 -0.0210833 0.232632 -7.02287 0.0203961 0.999778 0.00535916 3.85714 -0.232693 -0.000466107 0.97255 -72.0228 
110 0.971143 -0.0224628 0.23744 -7.36217 0.0221432 0.999747 0.00401329 4.0872 -0.23747 0.00136019 0.971394 -73.965 
113 0.969872 -0.0268693 0.242128 -7.72056 0.0271433 0.999629 0.00220483 4.38458 -0.242098 0.00443376 0.970242 -75.8632 
115 0.96932 -0.0291621 0.244067 -7.8684 0.0289949 0.99957 0.00427883 4.32111 -0.244087 0.00292914 0.969749 -77.1425 
117 0.96944 -0.0344587 0.242898 -7.78623 0.0341907 0.999401 0.00532032 4.36868 -0.242936 0.00314711 0.970037 -78.4279 
119 0.969821 -0.0337121 0.241474 -7.65856 0.0331399 0.99943 0.00643183 4.34014 -0.241553 0.0017647 0.970386 -79.7151 
121 0.97006 -0.0331445 0.240592 -7.57831 0.0320561 0.99945 0.00843734 4.23822 -0.24074 -0.000472273 0.97059 -80.9926 
123 0.970389 -0.0339991 0.239143 -7.45453 0.0323518 0.999418 0.0108116 4.12102 -0.239371 -0.00275471 0.970924 -82.2828 
125 0.970625 -0.0333813 0.238272 -7.36206 0.0312381 0.99943 0.0127661 4.02033 -0.238563 -0.00494794 0.971115 -83.5921 
127 0.97096 -0.03381 0.23684 -7.22446 0.0321889 0.999424 0.0107091 4.27411 -0.237066 -0.00277449 0.97149 -84.879 
129 0.971155 -0.0374399 0.235491 -7.11904 0.0374314 0.999289 0.00450798 4.93599 -0.235492 0.00443679 0.971866 -86.1459 
131 0.97131 -0.0400008 0.234429 -7.02884 0.0407462 0.999168 0.00166505 5.29673 -0.2343 0.0079348 0.972132 -87.4484 
133 0.971655 -0.0357786 0.233681 -6.93282 0.0351217 0.999359 0.00697303 4.82935 -0.23378 0.00143188 0.972288 -88.7567 
136 0.971944 -0.0337922 0.232771 -6.8275 0.0325639 0.999428 0.0091188 4.70546 -0.232946 -0.00128303 0.972489 -90.7067 
139 0.972126 -0.0341938 0.23195 -6.72904 0.0332122 0.999415 0.008137 4.91189 -0.232093 -0.000206617 0.972694 -92.5618 
141 0.972302 -0.0242582 0.232468 -6.74188 0.0221201 0.999686 0.0118 4.4922 -0.232681 -0.00633095 0.972533 -93.9067 
144 0.97223 -0.0161997 0.233466 -6.78844 0.0146692 0.999858 0.00829064 4.81046 -0.233567 -0.00463566 0.97233 -95.8082 
147 0.972039 -0.0124466 0.23449 -6.86277 0.0127436 0.999919 0.000248756 5.65897 -0.234474 0.00274645 0.972118 -97.6742 
150 0.971792 -0.0186753 0.235098 -6.92261 0.0180469 0.999826 0.00482436 5.40291 -0.235147 -0.000445496 0.97196 -99.5881 
153 0.971415 -0.0244894 0.236119 -7.05344 0.0230798 0.999695 0.00873224 5.2096 -0.236261 -0.00303305 0.971685 -101.512 
156 0.971101 -0.0286324 0.236947 -7.14008 0.0273728 0.999588 0.00860475 5.40138 -0.237095 -0.00187019 0.971485 -103.4 
159 0.970753 -0.0300049 0.2382 -7.26225 0.0296476 0.999547 0.00508352 5.91476 -0.238245 0.00212721 0.971203 -105.255 
162 0.970465 -0.0239264 0.240053 -7.40757 0.0251539 0.999681 -0.00205019 6.72056 -0.239928 0.00802792 0.970758 -107.756 
165 0.970061 -0.0216819 0.241891 -7.58771 0.0212052 0.999765 0.00457408 6.05032 -0.241933 0.000692217 0.970293 -109.726 
167 0.969674 -0.0202418 0.243563 -7.75992 0.019233 0.999794 0.00651933 5.86962 -0.243644 -0.00163718 0.969863 -111.006 
168 0.969255 -0.0204403 0.245207 -7.9348 0.0199659 0.999791 0.00442069 6.18508 -0.245246 0.000611004 0.969461 -112.256 
170 0.968707 -0.0234714 0.247095 -8.16197 0.0226384 0.999724 0.00621201 6.11291 -0.247173 -0.000423779 0.968971 -113.519 
172 0.968065 -0.0256577 0.249382 -8.4294 0.0245218 0.99967 0.00766117 6.05198 -0.249496 -0.00130122 0.968375 -114.779 
174 0.967252 -0.0241576 0.252665 -8.79622 0.0242234 0.999703 0.0028506 6.69744 -0.252659 0.00336316 0.96755 -116.58 
177 0.966543 -0.0234964 0.255428 -9.10717 0.0231072 0.999723 0.0045248 6.58637 -0.255463 0.00152881 0.966818 -118.539 
179 0.965923 -0.0251241 0.257607 -9.37584 0.0237832 0.999683 0.00832049 6.22555 -0.257734 -0.00191023 0.966214 -119.816 
180 0.965342 -0.0252804 0.259761 -9.63253 0.0234432 0.999673 0.0101688 6.06928 -0.259933 -0.00372678 0.965619 -121.047 
182 0.964772 -0.023868 0.262004 -9.89603 0.0228696 0.999715 0.00685967 6.52025 -0.262093 -0.000626089 0.965042 -122.327 
184 0.964365 -0.0239249 0.263493 -10.0737 0.0239276 0.999709 0.00319919 7.06268 -0.263493 0.00321958 0.964656 -123.574 
186 0.963683 -0.0229125 0.266063 -10.3862 0.022997 0.999732 0.00279848 7.16264 -0.266055 0.00342179 0.963952 -124.822 
188 0.963116 -0.0212077 0.268248 -10.6493 0.0211932 0.999771 0.00295007 7.17424 -0.268249 0.00284376 0.963345 -126.119 
190 0.962638 -0.021303 0.269953 -10.8618 0.0209105 0.999772 0.00432996 7.06898 -0.269983 0.00147666 0.962864 -127.42 
191 0.962409 -0.0224326 0.270677 -10.9585 0.0215148 0.999748 0.00635803 6.85949 -0.270751 -0.000295466 0.962649 -128.045 
193 0.961912 -0.0279562 0.271927 -11.1492 0.0259708 0.999603 0.0108981 6.45897 -0.272124 -0.00342089 0.962256 -129.302 
194 0.961797 -0.0295067 0.272169 -11.1872 0.0274291 0.999558 0.0114356 6.46145 -0.272386 -0.00353333 0.962182 -129.961 
195 0.961583 -0.0293534 0.272939 -11.2501 0.0283925 0.999569 0.00747046 7.18218 -0.273041 0.000565945 0.962002 -133.09 
197 0.961455 -0.0271015 0.273623 -11.3168 0.02635 0.999632 0.00642189 7.34191 -0.273696 0.00103562 0.961816 -134.339 
199 0.960967 -0.0251535 0.275517 -11.56 0.0249364 0.99968 0.0042918 7.66147 -0.275536 0.00274611 0.961287 -135.589 
201 0.96048 -0.0241824 0.277298 -11.7913 0.0241034 0.999703 0.00369418 7.78699 -0.277305 0.00313565 0.960777 -136.811 
203 0.959892 -0.0268149 0.279083 -12.0519 0.0262919 0.999639 0.00561748 7.65492 -0.279133 0.00194546 0.96025 -137.988 
205 0.959296 -0.0268345 0.281125 -12.334 0.0256957 0.99964 0.00773696 7.42351 -0.281232 -0.000198312 0.95964 -139.255 
207 0.958549 -0.027782 0.28357 -12.6871 0.0262887 0.999613 0.00907111 7.32737 -0.283712 -0.00124045 0.958909 -140.454 
209 0.957815 -0.0279012 0.286027 -13.0362 0.0268551 0.999611 0.00758006 7.6172 -0.286127 0.000420985 0.958192 -141.639 
211 0.956982 -0.0292587 0.288667 -13.4269 0.0295814 0.999557 0.0032452 8.37189 -0.288634 0.00543358 0.957424 -142.774 
213 0.955898 -0.0269264 0.292462 -13.9671 0.0277802 0.999613 0.00123428 8.67336 -0.292382 0.00694482 0.956276 -143.883 
215 0.955075 -0.0274292 0.295092 -14.3617 0.0282576 0.9996 0.00145749 8.72903 -0.295014 0.00694659 0.955468 -145.084 
217 0.954186 -0.0259185 0.29809 -14.796 0.0265489 0.999646 0.00193491 8.68213 -0.298035 0.0060677 0.954536 -146.241 
218 0.953535 -0.0256578 0.300189 -15.1121 0.0261906 0.999654 0.00224937 8.66152 -0.300143 0.00571729 0.953877 -146.811 
220 0.952495 -0.0267863 0.303373 -15.6016 0.0270339 0.999629 0.00338424 8.59009 -0.303351 0.00497788 0.952866 -147.972 
222 0.951393 -0.0267247 0.306817 -16.1236 0.0270158 0.99963 0.00329883 8.66873 -0.306791 0.00515041 0.951763 -149.096 
224 0.949957 -0.0263154 0.311269 -16.8051 0.0264839 0.999642 0.00368611 8.6623 -0.311255 0.00474199 0.950315 -150.23 
226 0.948237 -0.0260005 0.316496 -17.6192 0.025426 0.999659 0.00594576 8.36241 -0.316543 0.00240923 0.948575 -151.345 
228 0.946321 -0.0265305 0.322136 -18.5119 0.0259161 0.999645 0.0061965 8.40388 -0.322186 0.00248464 0.946673 -152.432 
229 0.945424 -0.0268878 0.324731 -18.9224 0.026472 0.999633 0.0056991 8.52915 -0.324766 0.00320821 0.945789 -152.947 
231 0.943478 -0.0268877 0.330343 -19.8186 0.0268769 0.999628 0.00460124 8.7792 -0.330344 0.00453742 0.94385 -154.041 
233 0.94164 -0.0247227 0.335711 -20.6642 0.0252684 0.999677 0.00274327 9.07677 -0.335671 0.00589973 0.941961 -155.099 
235 0.939787 -0.0242348 0.340902 -21.5039 0.0252627 0.99968 0.00142428 9.34585 -0.340827 0.00727357 0.940098 -156.155 
237 0.937927 -0.0233288 0.346048 -22.3384 0.0240024 0.999709 0.00233933 9.23115 -0.346002 0.00611185 0.938214 -157.222 
239 0.936034 -0.0219874 0.351223 -23.1821 0.0219198 0.999751 0.00416904 8.9434 -0.351227 0.00379638 0.936283 -158.283 
241 0.934411 -0.0215418 0.355544 -23.8938 0.0213377 0.999762 0.0044957 8.93335 -0.355557 0.00338567 0.934649 -159.326 
243 0.932717 -0.021768 0.359953 -24.6353 0.0216199 0.999756 0.00443818 9.01957 -0.359962 0.00364256 0.93296 -160.395 
245 0.931077 -0.0206049 0.364241 -25.3529 0.019462 0.999787 0.00680834 8.6356 -0.364304 0.000749786 0.93128 -161.456 
247 0.929624 -0.0228799 0.3678 -25.9804 0.0206029 0.999737 0.0101168 8.21154 -0.367934 -0.00182707 0.92985 -162.508 
249 0.92836 -0.0242832 0.370889 -26.5234 0.0215367 0.999701 0.0115455 8.07845 -0.371059 -0.00273067 0.928605 -163.587 
251 0.92691 -0.0246536 0.374473 -27.152 0.0222156 0.999695 0.0108265 8.28693 -0.374626 -0.00171607 0.927174 -164.61 
253 0.925597 -0.0233581 0.377788 -27.7185 0.0212727 0.999727 0.00969257 8.50288 -0.377911 -0.000934854 0.925841 -165.637 
255 0.924164 -0.0237299 0.381258 -28.3315 0.0218298 0.999718 0.00930838 8.65233 -0.381372 -0.000279671 0.924422 -166.664 
257 0.922676 -0.022424 0.384924 -28.9709 0.0198224 0.999746 0.0107257 8.41189 -0.385067 -0.0022662 0.922886 -167.691 
259 0.920976 -0.021995 0.388999 -29.7001 0.0184626 0.999747 0.0128171 8.07848 -0.389183 -0.00462235 0.921149 -168.685 
261 0.919472 -0.0231733 0.392473 -30.3335 0.0190515 0.999715 0.0143944 7.89597 -0.392695 -0.00575802 0.919651 -169.684 
263 0.917894 -0.0201011 0.396315 -31.0039 0.0178937 0.999797 0.00926655 8.77878 -0.396421 -0.00141417 0.918068 -170.636 
265 0.916302 -0.01558 0.400185 -31.6689 0.0155622 0.999873 0.00329451 9.76161 -0.400186 0.00320899 0.916428 -171.582 
267 0.914769 -0.0118887 0.403802 -32.3037 0.0120583 0.999925 0.00212292 9.88301 -0.403797 0.00292718 0.914844 -172.54 
269 0.912992 -0.00920059 0.407875 -33.0341 0.00859841 0.999958 0.00330967 9.60213 -0.407888 0.000485375 0.913032 -173.537 
271 0.911198 -0.00589456 0.411927 -33.7694 0.00504608 0.999982 0.00314736 9.5482 -0.411938 -0.00078925 0.911212 -174.493 
273 0.90951 -0.00553146 0.415646 -34.4732 0.0046655 0.999984 0.00309892 9.6031 -0.415657 -0.000879297 0.909521 -175.444 
275 0.908003 -0.00428615 0.418942 -35.0901 0.00336032 0.99999 0.00294773 9.63973 -0.418951 -0.00126876 0.908008 -176.412 
277 0.906334 -0.00512112 0.422532 -35.7907 0.00392399 0.999985 0.00370293 9.59329 -0.422544 -0.00169808 0.906341 -177.364 
279 0.904939 -0.00612083 0.425497 -36.3696 0.0041017 0.999976 0.00566135 9.31778 -0.425521 -0.00337791 0.904942 -178.347 
281 0.903687 -0.00872989 0.428105 -36.899 0.00625625 0.999955 0.00718468 9.20269 -0.428148 -0.00381436 0.9037 -179.336 
283 0.902353 -0.00828529 0.430919 -37.4451 0.00616148 0.999961 0.00632402 9.41049 -0.430955 -0.00305139 0.902368 -180.279 
285 0.901275 -0.0115492 0.433094 -37.9018 0.0101945 0.999933 0.00544986 9.80671 -0.433128 -0.000496617 0.901332 -181.245 
287 0.90007 -0.0130691 0.435549 -38.4013 0.0117891 0.999915 0.00564118 9.90622 -0.435585 5.72665e-05 0.900147 -182.207 
289 0.898819 -0.0144436 0.438082 -38.9113 0.012749 0.999896 0.00680936 9.79531 -0.438135 -0.000535258 0.898909 -183.125 
292 0.897309 -0.0170216 0.441075 -39.5397 0.0150524 0.999855 0.00796346 9.78119 -0.441146 -0.000506433 0.897435 -184.656 
294 0.896434 -0.0183719 0.442797 -39.9028 0.0161193 0.999831 0.00885026 9.72754 -0.442884 -0.000796087 0.896578 -185.645 
297 0.895684 -0.0216383 0.444164 -40.2128 0.019115 0.999766 0.0101588 9.71809 -0.44428 -0.000608899 0.895888 -187.169 
300 0.895073 -0.0242055 0.445263 -40.4536 0.021468 0.999707 0.011191 9.72302 -0.445404 -0.000457838 0.89533 -188.697 
303 0.894559 -0.0255999 0.446216 -40.6459 0.0232761 0.999672 0.010689 9.98876 -0.446343 0.000824202 0.894861 -190.109 
306 0.894562 -0.025804 0.446199 -40.6449 0.0235585 0.999666 0.0105802 10.1125 -0.446323 0.00104719 0.894871 -191.754 
309 0.894681 -0.0250306 0.446004 -40.5795 0.0231705 0.999685 0.00962437 10.3638 -0.446105 0.00172342 0.894979 -193.316 
311 0.894651 -0.0232722 0.44616 -40.5835 0.0220546 0.999725 0.00792238 10.6915 -0.446221 0.00275212 0.894918 -194.334 
314 0.894413 -0.0202432 0.446784 -40.668 0.0197877 0.999788 0.0056863 11.0901 -0.446804 0.00375491 0.894624 -195.765 
316 0.894459 -0.0183766 0.446772 -40.6405 0.0170939 0.99983 0.00690205 10.7816 -0.446823 0.00146348 0.894621 -196.901 
318 0.893881 -0.017494 0.447963 -40.8871 0.0150571 0.999846 0.00900093 10.3267 -0.448052 -0.00130074 0.894007 -197.893 
321 0.892617 -0.0158058 0.450539 -41.432 0.0131418 0.999873 0.00904063 10.3027 -0.450625 -0.00214891 0.892711 -199.314 
324 0.891759 -0.0214705 0.452002 -41.8119 0.0186304 0.999769 0.0107337 10.3446 -0.452128 -0.00115093 0.891952 -200.759 
327 0.891201 -0.0246503 0.452938 -42.0461 0.0220076 0.999696 0.0111045 10.537 -0.453074 7.17455e-05 0.891473 -202.23 
330 0.891356 -0.0206066 0.452835 -41.9617 0.015104 0.999762 0.0157645 9.31684 -0.453052 -0.00721215 0.891455 -203.838 
332 0.892141 -0.0223276 0.451204 -41.5988 0.0167595 0.999726 0.0163331 9.34484 -0.451445 -0.00700949 0.892271 -204.93 
334 0.892526 -0.0222696 0.450447 -41.4223 0.0191347 0.999751 0.0115128 10.5074 -0.450591 -0.00165632 0.892729 -205.951 
336 0.89342 -0.0213182 0.448717 -41.0054 0.0191328 0.999773 0.00940406 10.9961 -0.448815 0.000183426 0.893625 -207.016 
338 0.894517 -0.0231881 0.446433 -40.4922 0.0204309 0.999731 0.0109894 10.8047 -0.446568 -0.000709137 0.89475 -208.142 
340 0.89554 -0.0266742 0.44418 -40.0073 0.0232094 0.999643 0.0132371 10.5572 -0.444375 -0.00154517 0.89584 -209.27 
342 0.89671 -0.0309263 0.441538 -39.4372 0.0285659 0.99952 0.0119948 11.1728 -0.441697 0.00185708 0.897163 -210.373 
344 0.897858 -0.0287481 0.439346 -38.8921 0.0282027 0.999572 0.00777008 12.084 -0.439381 0.00541433 0.898284 -211.453 
346 0.899022 -0.0305955 0.436834 -38.3217 0.0303928 0.99951 0.0074553 12.336 -0.436848 0.00657413 0.899511 -212.577 
348 0.900502 -0.0280228 0.433948 -37.6049 0.0278379 0.999589 0.00678223 12.3862 -0.43396 0.00597279 0.900913 -213.724 
350 0.901491 -0.0264197 0.43199 -37.1198 0.0248716 0.999648 0.00923377 11.7587 -0.432082 0.0024201 0.901831 -214.869 
352 0.902784 -0.0231667 0.429469 -36.48 0.019943 0.999729 0.0120058 10.9441 -0.429631 -0.00227374 0.903002 -216.047 
355 0.904546 -0.0211166 0.425853 -35.586 0.0163929 0.999757 0.0147547 10.2289 -0.426061 -0.00636537 0.904672 -217.803 
357 0.905706 -0.0213692 0.423368 -34.9897 0.0174874 0.999762 0.0130516 10.7182 -0.423546 -0.00441731 0.905864 -218.844 
359 0.906992 -0.0186035 0.420737 -34.3171 0.0161096 0.999825 0.00948084 11.4538 -0.42084 -0.00182111 0.907133 -219.935 
361 0.908397 -0.0165208 0.417783 -33.5715 0.0152275 0.999863 0.00642891 12.1078 -0.417832 0.000521783 0.908524 -221.056 
363 0.910094 -0.0180266 0.41401 -32.6717 0.0180436 0.99983 0.00386969 12.889 -0.41401 0.00394847 0.910264 -222.131 
365 0.911486 -0.0164302 0.411002 -31.913 0.0171355 0.999851 0.0019682 13.299 -0.410973 0.00524874 0.911632 -223.23 
367 0.912812 -0.0151724 0.408099 -31.1878 0.0157828 0.999874 0.00187162 13.2935 -0.408075 0.0047325 0.912936 -224.343 
369 0.914424 -0.0146884 0.40449 -30.2959 0.0154088 0.99988 0.00147477 13.4098 -0.404464 0.00488413 0.914541 -225.472 
371 0.916045 -0.0163727 0.400742 -29.3911 0.0182801 0.999832 -0.000936734 14.1738 -0.400659 0.00818368 0.916191 -226.551 
373 0.917955 -0.0231076 0.396011 -28.3045 0.0252986 0.99968 -0.000310165 14.5413 -0.395877 0.0103033 0.918246 -227.674 
375 0.919793 -0.0270399 0.39147 -27.2322 0.029158 0.999575 0.000534001 14.6622 -0.391318 0.0109233 0.920191 -228.8 
376 0.922074 -0.0258022 0.386152 -25.8922 0.0274485 0.999622 0.00125074 14.449 -0.386039 0.00944602 0.922434 -229.961 
378 0.924887 -0.0267183 0.379302 -24.1985 0.0278282 0.999609 0.00255737 14.2384 -0.379222 0.00818999 0.925269 -231.145 
380 0.927516 -0.0292014 0.37264 -22.5694 0.0297573 0.999548 0.00426102 14.0383 -0.372596 0.0071366 0.927966 -232.307 
382 0.930848 -0.0295035 0.364213 -20.462 0.0289439 0.999557 0.00699619 13.4573 -0.364258 0.00402935 0.931289 -234.006 
384 0.933497 -0.0278039 0.357507 -18.7564 0.0256163 0.999613 0.0108541 12.4213 -0.35767 -0.000974294 0.933847 -235.172 
386 0.936297 -0.0290245 0.350008 -16.8893 0.026115 0.999574 0.0130302 12.0102 -0.350237 -0.00305962 0.936656 -236.309 
388 0.94037 -0.030752 0.338761 -14.0849 0.0308336 0.999511 0.00514226 14.2025 -0.338753 0.00560958 0.940858 -237.844 
390 0.943523 -0.0318477 0.329774 -11.8354 0.03223 0.999471 0.00430951 14.5487 -0.329737 0.00656249 0.94405 -238.922 
392 0.94708 -0.0320747 0.319391 -9.21588 0.0307229 0.999485 0.00927136 13.3682 -0.319524 0.0010319 0.947578 -240.073 
393 0.950837 -0.0317525 0.308059 -6.34509 0.029001 0.999488 0.0135072 12.3269 -0.308331 -0.0039091 0.951271 -241.331 
395 0.954608 -0.0338807 0.295931 -3.30553 0.0316597 0.999423 0.0122952 12.847 -0.296177 -0.00236802 0.95513 -242.417 
397 0.958147 -0.0329136 0.284377 -0.37002 0.0316702 0.999458 0.0089706 13.6735 -0.284519 0.000411143 0.95867 -243.325 
399 0.961524 -0.0312464 0.27294 2.55258 0.0300325 0.999512 0.00862553 13.6988 -0.273076 -9.65999e-05 0.961993 -244.277 
400 0.970386 -0.0305851 0.239616 10.9813 0.0302149 0.99953 0.00521935 14.6425 -0.239663 0.0021752 0.970854 -246.379 
402 0.973785 -0.0275337 0.225798 14.5196 0.0272372 0.999619 0.00442863 14.6808 -0.225834 0.00183757 0.974164 -247.186 
404 0.976819 -0.024968 0.212606 17.8863 0.0241743 0.999688 0.00633229 14.0662 -0.212698 -0.0010459 0.977118 -247.933 
405 0.978385 -0.0239296 0.205404 19.7213 0.0232993 0.999713 0.00548724 14.2344 -0.205476 -0.000582872 0.978662 -248.271 
407 0.981195 -0.0215712 0.191811 23.1895 0.0212344 0.999767 0.00381154 14.5397 -0.191848 0.000333131 0.981425 -248.918 
409 0.983841 -0.0179642 0.17814 26.6926 0.0176683 0.999839 0.00324772 14.478 -0.178169 -4.78173e-05 0.984 -249.522 
411 0.986444 -0.0180368 0.163106 30.4841 0.0175742 0.999836 0.00427897 14.2767 -0.163156 -0.00135451 0.986599 -250.014 
414 0.990122 -0.0188694 0.13893 36.5683 0.0182641 0.999817 0.0056307 14.076 -0.139011 -0.00303765 0.990286 -250.662 
417 0.993173 -0.0189827 0.115092 42.5659 0.0187933 0.99982 0.00273023 14.8974 -0.115124 -0.000548622 0.993351 -251.08 
420 0.995635 -0.0196855 0.0912305 48.5596 0.0197339 0.999805 0.000371262 15.6236 -0.09122 0.00143069 0.99583 -251.366 
423 0.99731 -0.0232119 0.0695227 53.9593 0.0234004 0.999724 -0.00189765 16.519 -0.0694595 0.0035194 0.997579 -251.594 
426 0.998537 -0.0231321 0.0488798 59.1555 0.023203 0.99973 -0.000885429 16.3375 -0.0488461 0.00201829 0.998804 -251.876 
429 0.999325 -0.0224053 0.0291238 64.1323 0.0224097 0.999749 0.000175208 16.0906 -0.0291204 0.000477565 0.999576 -252.081 
431 0.999595 -0.023283 0.0163823 67.3208 0.0233081 0.999727 -0.00134609 16.5851 -0.0163465 0.00172739 0.999865 -252.149 
433 0.999721 -0.0232386 0.00413985 70.3976 0.0232492 0.999726 -0.00253185 16.9331 -0.00407988 0.00262739 0.999988 -252.22 
435 0.999742 -0.0213645 -0.00774775 73.4167 0.0213504 0.99977 -0.00190596 16.6923 0.00778669 0.00174005 0.999968 -252.308 
437 0.999631 -0.020539 -0.0177839 75.9543 0.0205111 0.999788 -0.00175109 16.644 0.0178161 0.00138567 0.99984 -252.491 
439 0.999507 -0.0182316 -0.0255655 77.9502 0.0182116 0.999834 -0.0010175 16.3447 0.0255798 0.000551412 0.999673 -252.831 
441 0.999361 -0.0149848 -0.0324559 79.7379 0.0149657 0.999888 -0.000832723 16.1183 0.0324648 0.000346465 0.999473 -253.221 
443 0.999123 -0.01511 -0.0390572 81.4066 0.0150963 0.999886 -0.000646673 16.1316 0.0390625 5.64877e-05 0.999237 -253.623 
445 0.998879 -0.0101464 -0.0462454 83.3049 0.0101796 0.999948 0.000481296 15.5416 0.0462381 -0.000951516 0.99893 -253.975 
447 0.99861 -0.00508547 -0.0524572 84.9542 0.00500356 0.999986 -0.00169262 15.779 0.0524651 0.0014278 0.998622 -254.346 
449 0.998225 -0.00352254 -0.0594542 86.7555 0.00309283 0.999968 -0.00731805 17.1443 0.0594781 0.00712118 0.998204 -254.591 
451 0.997863 -0.00242515 -0.065301 88.2514 0.00166913 0.999931 -0.0116296 18.2181 0.0653247 0.0114958 0.997798 -254.945 
453 0.997488 -0.000614717 -0.0708306 89.6997 -2.36343e-05 0.999959 -0.00901117 17.4674 0.0708332 0.00899021 0.997448 -255.422 
455 0.997086 0.00172264 -0.0762608 91.1213 -0.00206441 0.999988 -0.00440292 16.1672 0.0762523 0.00454753 0.997078 -255.939 
457 0.996624 -0.000547355 -0.0821028 92.5793 0.000241827 0.999993 -0.00373118 16.2078 0.0821043 0.00369873 0.996617 -256.364 
459 0.996178 -0.00195212 -0.08733 93.9161 0.00149773 0.999985 -0.00526833 16.7478 0.087339 0.00511739 0.996166 -256.782 
461 0.995715 -0.00244668 -0.0924479 95.2287 0.00199964 0.999986 -0.00492791 16.7485 0.0924586 0.00472193 0.995705 -257.242 
463 0.99523 0.000323188 -0.0975519 96.5871 -0.000748189 0.99999 -0.00432011 16.444 0.0975496 0.00437249 0.995221 -257.697 
465 0.994661 -7.04754e-05 -0.103197 98.0442 -0.000408919 0.999989 -0.00462428 16.5979 0.103196 0.00464178 0.99465 -258.081 
467 0.994173 -0.000698526 -0.107792 99.2289 -9.18016e-05 0.999973 -0.00732682 17.3957 0.107794 0.00729403 0.994146 -258.516 
469 0.993872 0.000195481 -0.11054 99.96 -0.00117033 0.999961 -0.00875418 17.753 0.110534 0.0088299 0.993833 -259.149 
471 0.993575 0.00166716 -0.113165 100.668 -0.00283301 0.999945 -0.0101422 18.0602 0.113142 0.0103976 0.993524 -259.785 
473 0.99326 0.00250394 -0.115882 101.396 -0.00359472 0.999951 -0.00920479 17.8063 0.115854 0.00955931 0.99322 -260.451 
475 0.992993 0.00131734 -0.11817 101.987 -0.00243911 0.999953 -0.0093487 17.9763 0.118152 0.00957142 0.992949 -261.139 
477 0.992835 0.00172578 -0.119482 102.343 -0.00289618 0.99995 -0.00962263 18.069 0.119459 0.00989973 0.99279 -261.924 
479 0.99271 0.00314913 -0.120488 102.635 -0.00449173 0.999931 -0.010873 18.3486 0.120446 0.011335 0.992655 -262.719 
481 0.992553 0.000679907 -0.121809 102.956 -0.00213383 0.999928 -0.0118061 18.8196 0.121792 0.0119781 0.992483 -263.489 
483 0.992379 -0.00148862 -0.123213 103.306 0.000222041 0.999947 -0.0102926 18.6199 0.123222 0.0101868 0.992327 -264.291 
485 0.992284 -0.00144729 -0.123974 103.514 0.000521812 0.999972 -0.00749724 17.9223 0.123982 0.0073747 0.992257 -265.178 
487 0.992111 -0.00315133 -0.125322 103.853 0.00245509 0.999981 -0.00570968 17.612 0.125338 0.00535696 0.9921 -265.99 
489 0.991942 -0.00372813 -0.126635 104.201 0.00316903 0.999984 -0.00461626 17.4076 0.12665 0.00417775 0.991939 -266.792 
491 0.991746 -0.00642925 -0.128054 104.545 0.00581565 0.99997 -0.00516511 17.7947 0.128083 0.00437776 0.991754 -267.555 
493 0.991352 -0.0104189 -0.130819 105.235 0.00964787 0.999932 -0.00652627 18.4869 0.130878 0.0052077 0.991385 -268.174 
495 0.99088 -0.0112546 -0.134274 106.162 0.0103791 0.99992 -0.0072182 18.7832 0.134344 0.00575874 0.990918 -268.704 
497 0.990529 -0.00929323 -0.136989 106.932 0.00892677 0.999955 -0.00328925 17.6308 0.137013 0.00203523 0.990567 -269.401 
499 0.990118 -0.0116176 -0.139755 107.653 0.0114462 0.999932 -0.00202987 17.4973 0.139769 0.000410149 0.990184 -270.057 
501 0.989849 -0.0135777 -0.141471 108.094 0.0131987 0.999906 -0.00361723 18.1106 0.141507 0.00171328 0.989936 -270.78 
503 0.98992 -0.0119399 -0.141125 108.032 0.0111855 0.999919 -0.00613751 18.7385 0.141187 0.00449709 0.989973 -271.712 
505 0.989865 -0.0103815 -0.141632 108.202 0.00944869 0.999929 -0.00725719 18.9904 0.141697 0.0058454 0.989893 -272.594 
507 0.989856 -0.0111186 -0.141639 108.205 0.0105217 0.999932 -0.00496246 18.4599 0.141685 0.00342183 0.989906 -273.585 
509 0.989935 -0.00876425 -0.141249 108.14 0.00870756 0.999962 -0.00101942 17.26 0.141253 -0.000220774 0.989974 -274.648 
511 0.990104 -0.00747189 -0.140135 107.864 0.00799665 0.999963 0.0031819 16.0546 0.140106 -0.00427103 0.990127 -275.825 
513 0.990132 -0.00446576 -0.140069 107.896 0.00451536 0.99999 3.63221e-05 16.7679 0.140067 -0.000668423 0.990142 -276.719 
515 0.990254 -0.0050122 -0.139185 107.647 0.0040988 0.999968 -0.00684833 18.7816 0.139215 0.00621109 0.990243 -277.67 
517 0.990162 -0.00672389 -0.139766 107.791 0.00525208 0.999927 -0.0108967 20.0941 0.139829 0.0100554 0.990125 -278.506 
519 0.989958 -0.00635606 -0.141216 108.212 0.00534638 0.999957 -0.00752816 19.1749 0.141258 0.00669757 0.98995 -279.39 
521 0.989593 -0.00683381 -0.143736 108.926 0.00641725 0.999974 -0.00336149 18.0814 0.143755 0.00240411 0.98961 -280.182 
524 0.989236 -0.00799239 -0.14611 109.585 0.00769833 0.999967 -0.00257792 18.0127 0.146126 0.00142537 0.989265 -281.395 
526 0.98906 -0.00728932 -0.147336 109.959 0.00683621 0.99997 -0.00358148 18.303 0.147357 0.00253508 0.98908 -282.243 
528 0.988829 -0.00555667 -0.14895 110.446 0.00520062 0.999983 -0.00277978 18.0088 0.148963 0.00197409 0.988841 -283.037 
530 0.988559 -0.00335122 -0.150798 111.016 0.00318894 0.999994 -0.00131797 17.4917 0.150801 0.000822004 0.988564 -283.837 
532 0.988266 -0.00285826 -0.152716 111.582 0.00263332 0.999995 -0.00167523 17.6121 0.15272 0.00125342 0.988269 -284.599 
534 0.988083 -0.00325291 -0.153887 111.92 0.00302614 0.999994 -0.00170785 17.7039 0.153892 0.00122181 0.988087 -285.469 
536 0.987921 -0.00231402 -0.154944 112.242 0.00187858 0.999994 -0.00295665 18.054 0.15495 0.00262986 0.987919 -286.317 
538 0.987679 0.000649486 -0.156494 112.744 -0.0012484 0.999992 -0.00372882 18.1309 0.156491 0.00387824 0.987672 -287.134 
539 0.987529 0.000795848 -0.157433 113.027 -0.00149298 0.99999 -0.00430988 18.3188 0.157428 0.00449117 0.98752 -287.541 
541 0.987276 0.00150677 -0.159011 113.5 -0.00234743 0.999984 -0.00509908 18.5542 0.159001 0.00540746 0.987264 -288.335 
543 0.987082 0.00155042 -0.160211 113.856 -0.00250822 0.99998 -0.00577632 18.8033 0.160199 0.00610354 0.987066 -289.184 
545 0.986855 -0.000802167 -0.161607 114.237 -0.000542653 0.999966 -0.00827722 19.7475 0.161608 0.00825611 0.98682 -289.978 
547 0.986689 -0.000200473 -0.162618 114.55 -0.00119119 0.999964 -0.00846032 19.8172 0.162614 0.00854142 0.986653 -290.875 
549 0.986516 0.0026733 -0.163646 114.905 -0.00384558 0.999969 -0.00684716 19.2066 0.163622 0.00738415 0.986495 -291.784 
551 0.986351 0.00263477 -0.164638 115.201 -0.00381567 0.999969 -0.00685683 19.2643 0.164615 0.00739144 0.98633 -292.668 
553 0.986226 -0.00101879 -0.165402 115.378 -0.000618924 0.999951 -0.0098496 20.4486 0.165404 0.0098163 0.986177 -293.55 
555 0.98649 -0.00115051 -0.163815 114.91 -0.000839416 0.999927 -0.0120777 21.1804 0.163817 0.012052 0.986417 -294.703 
557 0.986733 -0.00390881 -0.162307 114.421 0.00177166 0.99991 -0.01331 21.7896 0.162344 0.0128458 0.986651 -295.898 
559 0.98679 -0.00800402 -0.161805 114.208 0.00592888 0.999894 -0.0133037 22.1107 0.161894 0.0121687 0.986733 -296.946 
561 0.986935 -0.0120605 -0.16067 113.807 0.0102597 0.999875 -0.0120332 22.0512 0.160795 0.0102275 0.986935 -298.127 
563 0.986961 -0.0194256 -0.159784 113.42 0.0175283 0.999758 -0.0132752 22.96 0.160003 0.0103014 0.987063 -299.237 
565 0.986894 -0.0276679 -0.158977 113.037 0.0251503 0.999525 -0.0178268 24.9303 0.159395 0.0135948 0.987121 -300.26 
567 0.987286 -0.0211647 -0.157538 112.728 0.0192807 0.999723 -0.0134775 23.252 0.15778 0.0102687 0.987421 -301.534 
569 0.987366 -0.0214155 -0.157004 112.569 0.0210972 0.999771 -0.00369369 20.3404 0.157047 0.000334666 0.987591 -302.827 
571 0.987236 -0.0237237 -0.15749 112.687 0.0242256 0.999706 0.00126761 19.0174 0.157413 -0.0050667 0.98752 -303.888 
573 0.987525 -0.0191044 -0.156296 112.412 0.0193921 0.999812 0.000316074 19.0678 0.156261 -0.00334304 0.98771 -305.005 
575 0.987575 -0.0148101 -0.156451 112.55 0.0147026 0.99989 -0.00184456 19.518 0.156461 -0.000478593 0.987684 -305.944 
577 0.987508 -0.0124604 -0.157077 112.787 0.0119821 0.99992 -0.00399185 20.0887 0.157114 0.00205988 0.987578 -306.831 
579 0.987559 -0.00896621 -0.156994 112.83 0.00829648 0.999953 -0.00492078 20.213 0.157031 0.00355706 0.987587 -307.821 
581 0.987535 -0.00660571 -0.15726 112.961 0.00586017 0.999969 -0.00520402 20.2056 0.157289 0.00421759 0.987544 -308.782 
583 0.987486 -0.00614674 -0.157585 113.079 0.00556084 0.999976 -0.00415862 19.9039 0.157607 0.00323027 0.987497 -309.765 
585 0.987506 -0.00584367 -0.157474 113.058 0.0052894 0.999978 -0.00393862 19.8713 0.157493 0.00305647 0.987515 -310.782 
587 0.987477 -0.00497744 -0.157687 113.153 0.00417728 0.999977 -0.00540532 20.3332 0.157711 0.00467892 0.987474 -311.756 
589 0.987453 -0.0032648 -0.157878 113.242 0.00220427 0.999974 -0.00689207 20.7495 0.157896 0.00645759 0.987435 -312.674 
591 0.98735 -0.00482496 -0.158481 113.418 0.00382193 0.999971 -0.00663323 20.822 0.158508 0.00594362 0.98734 -313.621 
593 0.987319 -0.00454048 -0.158687 113.498 0.00410052 0.999987 -0.00309981 19.7418 0.158699 0.0024098 0.987324 -314.66 
595 0.987425 -0.00584101 -0.157978 113.255 0.00558131 0.999982 -0.00208751 19.5511 0.157988 0.00117953 0.98744 -315.762 
597 0.987548 -0.00584128 -0.157211 113.018 0.00542937 0.999981 -0.00304938 19.9132 0.157226 0.00215785 0.98756 -316.829 
599 0.98774 -0.00611577 -0.155985 112.63 0.00533284 0.999971 -0.00543723 20.7544 0.156014 0.00453872 0.987744 -317.919 
601 0.987937 -0.00347544 -0.154814 112.308 0.00264191 0.999981 -0.00558949 20.6917 0.154831 0.00511306 0.987928 -318.99 
604 0.988236 0.000682128 -0.152936 111.788 -0.001494 0.999985 -0.00519374 20.3927 0.15293 0.00536113 0.988222 -320.733 
607 0.988543 0.0070764 -0.150776 111.207 -0.00825069 0.99994 -0.00716421 20.7192 0.150716 0.00832613 0.988542 -322.399 
610 0.988886 0.00840606 -0.148435 110.475 -0.00992068 0.999906 -0.00946643 21.4723 0.148342 0.0108338 0.988877 -324.07 
613 0.988947 0.00645537 -0.148128 110.347 -0.00793017 0.999925 -0.00936778 21.6366 0.148057 0.0104389 0.988924 -325.489 
616 0.988332 0.00761075 -0.152128 111.695 -0.00855365 0.999948 -0.0055446 20.3938 0.152078 0.00678115 0.988345 -326.63 
618 0.987946 0.01178 -0.154347 112.505 -0.0125016 0.999915 -0.00370501 19.5804 0.15429 0.00558993 0.98801 -327.361 
620 0.987538 0.0119326 -0.156925 113.366 -0.0128939 0.999904 -0.00510911 20.0866 0.156849 0.00706881 0.987597 -327.989 
622 0.987256 0.0125162 -0.158646 113.951 -0.013876 0.999876 -0.0074666 20.8882 0.158533 0.00957284 0.987307 -328.686 
624 0.987243 0.0138478 -0.15862 113.968 -0.0153701 0.999847 -0.00837462 21.1635 0.15848 0.0107058 0.987304 -329.604 
626 0.987326 0.013604 -0.158119 113.802 -0.0149921 0.999859 -0.00758938 20.9706 0.157993 0.00986372 0.987391 -330.616 
628 0.987445 0.0100834 -0.157643 113.587 -0.0115178 0.9999 -0.00818775 21.4359 0.157545 0.00990064 0.987462 -331.598 
630 0.987521 0.00786143 -0.15729 113.431 -0.00941352 0.999914 -0.00912513 21.9292 0.157205 0.0104919 0.98751 -332.49 
632 0.987693 0.00612444 -0.156286 113.075 -0.00786507 0.999914 -0.0105215 22.5625 0.156208 0.0116212 0.987656 -333.555 
634 0.987921 0.00153232 -0.154949 112.549 -0.00348863 0.999918 -0.0123544 23.5091 0.154917 0.0127457 0.987845 -334.585 
636 0.988235 -0.00432751 -0.152879 111.727 0.00216956 0.999896 -0.0142795 24.5598 0.152925 0.0137798 0.988142 -335.63 
638 0.988534 -0.0125078 -0.150476 110.787 0.0099515 0.999793 -0.0177294 26.2784 0.150667 0.0160287 0.988455 -336.806 
640 0.988951 -0.0133519 -0.147637 109.812 0.0114232 0.999838 -0.0139041 25.0817 0.147799 0.012064 0.988944 -338.12 
642 0.989314 -0.00911432 -0.145518 109.174 0.00882971 0.999958 -0.00260157 21.0199 0.145535 0.00128888 0.989352 -339.493 
644 0.989482 -0.0113995 -0.144203 108.687 0.0117903 0.999929 0.00185554 19.6674 0.144172 -0.00353622 0.989546 -340.627 
646 0.989545 -0.0161683 -0.143312 108.29 0.0159745 0.999869 -0.00250266 21.4903 0.143334 0.000187148 0.989674 -341.524 
648 0.989914 -0.0130366 -0.141068 107.591 0.0118186 0.999885 -0.00946853 23.7646 0.141175 0.00770582 0.989955 -342.515 
650 0.990141 -0.00509261 -0.139981 107.372 0.00423252 0.99997 -0.00644134 22.3097 0.14001 0.00578536 0.990133 -343.563 
652 0.990307 -0.00283945 -0.13887 107.035 0.00286868 0.999996 1.03672e-05 19.9886 0.138869 -0.00040864 0.990311 -344.685 
654 0.990459 -0.00418852 -0.137744 106.624 0.00455507 0.999987 0.00234598 19.2973 0.137733 -0.00295103 0.990465 -345.722 
656 0.990681 -0.00331037 -0.136162 106.077 0.00358234 0.999992 0.00175246 19.4962 0.136155 -0.00222391 0.990685 -346.647 
659 0.991068 -0.000722761 -0.133353 105.168 0.000536587 0.999999 -0.00143203 20.5409 0.133354 0.00134768 0.991068 -348.272 
662 0.991381 0.00180559 -0.130995 104.395 -0.00162414 0.999998 0.00149207 19.4394 0.130997 -0.00126645 0.991382 -349.854 
665 0.991629 0.00331671 -0.129079 103.755 -0.00317964 0.999994 0.00126799 19.4997 0.129082 -0.000846951 0.991634 -351.302 
668 0.991873 0.00321215 -0.127189 103.078 -0.00346499 0.999992 -0.00176669 20.6458 0.127183 0.00219304 0.991877 -352.578 
671 0.99215 0.00457272 -0.124971 102.342 -0.00494113 0.999984 -0.00263817 20.9569 0.124957 0.00323496 0.992157 -354.149 
674 0.992469 0.00639317 -0.12233 101.444 -0.00651705 0.999979 -0.000612571 20.1978 0.122324 0.00140519 0.992489 -355.685 
677 0.992791 0.00589264 -0.119715 100.505 -0.00665007 0.99996 -0.00592847 22.1974 0.119675 0.00668184 0.992791 -357.058 
680 0.993083 0.00468947 -0.117319 99.6292 -0.00575012 0.999946 -0.00870386 23.3409 0.117272 0.00931825 0.993056 -358.447 
683 0.993323 0.00509555 -0.115258 98.9019 -0.00583189 0.999965 -0.00605231 22.428 0.115223 0.00668406 0.993317 -359.904 
686 0.993417 0.00469855 -0.114456 98.6141 -0.00524981 0.999976 -0.0045154 21.9605 0.114432 0.00508655 0.993418 -361.195 
689 0.993505 0.00244503 -0.113762 98.31 -0.00311626 0.999979 -0.0057228 22.5892 0.113746 0.00604014 0.993492 -362.291 
692 0.99354 0.000538982 -0.113481 98.1963 -0.00148396 0.999965 -0.0082429 23.6875 0.113472 0.00835805 0.993506 -363.56 
695 0.99358 -0.000527138 -0.113128 98.0521 -0.000454059 0.999963 -0.00864738 23.9658 0.113128 0.00864324 0.993543 -364.743 
697 0.993608 -0.00187718 -0.112866 97.9341 0.000957375 0.999966 -0.00820315 23.9221 0.112878 0.00804267 0.993576 -365.546 
699 0.993601 -0.00420665 -0.112865 97.8921 0.00331821 0.999962 -0.00805839 24.0431 0.112895 0.00763231 0.993578 -366.308 
702 0.993726 -0.00921357 -0.111465 97.2833 0.00801338 0.999905 -0.0112106 25.5517 0.111558 0.010247 0.993705 -367.513 
705 0.993888 -0.0106462 -0.109883 96.6786 0.00957638 0.999902 -0.0102594 25.347 0.109981 0.00914441 0.993892 -368.818 
708 0.994084 -0.0093405 -0.10821 96.0898 0.00855653 0.999934 -0.00770696 24.392 0.108275 0.00673547 0.994098 -370.163 
710 0.993993 -0.0137027 -0.108581 96.1452 0.0130236 0.999891 -0.00696135 24.3942 0.108665 0.00550542 0.994063 -370.899 
712 0.994077 -0.0165675 -0.107411 95.6539 0.0156461 0.999833 -0.00941531 25.5087 0.107549 0.00767898 0.99417 -371.7 
714 0.994226 -0.0184437 -0.105709 94.9588 0.017208 0.999773 -0.0125897 26.8385 0.105917 0.0106979 0.994317 -372.446 
