0 1 -3.2281e-05 4.06055e-05 -0.000244108 3.22821e-05 1 -2.75345e-05 0.000175069 -4.06046e-05 2.75358e-05 1 -7.476e-05 
7 0.999912 -0.00397443 0.0126854 0.0231452 0.00394587 0.99999 0.00227518 0.242532 -0.0126944 -0.00222492 0.999917 -4.39095 
10 0.999813 -0.00398775 0.0189204 0.0147031 0.00396039 0.999991 0.00148361 0.372938 -0.0189262 -0.0014084 0.99982 -6.59664 
12 0.999754 -0.00307855 0.0219832 0.00237615 0.00303519 0.999993 0.00200553 0.429539 -0.0219892 -0.00193831 0.999756 -7.67925 
14 0.999682 -0.00167905 0.0251788 -0.0139778 0.0016118 0.999995 0.00269096 0.487928 -0.0251832 -0.00264952 0.999679 -8.79887 
15 0.999598 -0.000758086 0.0283552 -0.0352674 0.000652863 0.999993 0.00371995 0.539699 -0.0283578 -0.00369994 0.999591 -9.8986 
17 0.999498 0.00143715 0.0316519 -0.0625183 -0.00154355 0.999993 0.00333731 0.606709 -0.0316469 -0.00338449 0.999493 -11.0114 
20 0.999297 0.00274901 0.0373885 -0.115712 -0.00276033 0.999996 0.000250991 0.732508 -0.0373876 -0.000354019 0.999301 -12.634 
22 0.999057 0.0034341 0.0432763 -0.179062 -0.00345125 0.999994 0.000321671 0.829947 -0.0432749 -0.000470725 0.999063 -14.3297 
25 0.998818 0.00141343 0.0485922 -0.243484 -0.00159551 0.999992 0.00370855 0.876483 -0.0485865 -0.0037817 0.998812 -15.9871 
26 0.998671 0.00181577 0.0515153 -0.278328 -0.00200107 0.999992 0.00354571 0.942046 -0.0515084 -0.00364409 0.998666 -17.0889 
28 0.998474 0.00159928 0.0552061 -0.338191 -0.00177121 0.999994 0.00306546 1.01576 -0.0552008 -0.00315856 0.99847 -18.1827 
30 0.998327 0.00100535 0.0578182 -0.379451 -0.00118385 0.999995 0.00305305 1.07823 -0.0578148 -0.00311639 0.998322 -19.2811 
32 0.998144 -0.000406313 0.0608915 -0.43039 0.000229304 0.999996 0.00291391 1.14595 -0.0608924 -0.00289454 0.99814 -20.3741 
34 0.997975 -0.00096857 0.0635995 -0.478728 0.00084348 0.999998 0.00199366 1.22435 -0.0636013 -0.00193598 0.997974 -21.4909 
36 0.997754 -0.000761879 0.066977 -0.54356 0.000672895 0.999999 0.00135113 1.30378 -0.0669779 -0.00130303 0.997754 -22.5988 
38 0.997511 0.000240124 0.0705131 -0.615598 -0.000288751 1 0.000679429 1.38102 -0.070513 -0.000698099 0.997511 -23.7069 
40 0.997183 0.000588044 0.0750025 -0.706784 -0.000623281 1 0.000446408 1.45351 -0.0750022 -0.000491899 0.997183 -24.8321 
42 0.99674 -0.00169858 0.0806584 -0.835198 0.00152064 0.999996 0.00226744 1.47 -0.080662 -0.00213739 0.996739 -25.942 
44 0.996352 -0.00133308 0.0853297 -0.938838 0.000961982 0.99999 0.00438992 1.47659 -0.0853347 -0.00429182 0.996343 -27.056 
46 0.995955 -0.00356108 0.0897845 -1.0451 0.00318225 0.999985 0.00436213 1.53691 -0.0897987 -0.00405877 0.995952 -28.1666 
48 0.995502 -0.0064268 0.0945219 -1.16683 0.00610159 0.999974 0.00372925 1.62266 -0.0945434 -0.00313574 0.995516 -29.2713 
50 0.994997 -0.00642278 0.099703 -1.30682 0.00615898 0.999977 0.0029535 1.7081 -0.0997196 -0.00232465 0.995013 -30.386 
52 0.994491 -0.00825671 0.104496 -1.44511 0.00811898 0.999966 0.00174328 1.81316 -0.104507 -0.00088527 0.994524 -31.4884 
54 0.993957 -0.00837008 0.109454 -1.59604 0.0081485 0.999964 0.00247154 1.85781 -0.10947 -0.00156472 0.993989 -32.592 
56 0.993355 -0.0106912 0.11459 -1.75694 0.010133 0.999934 0.00545216 1.82726 -0.114641 -0.00425479 0.993398 -33.7025 
59 0.992502 -0.0128987 0.121543 -1.97881 0.0120238 0.999896 0.00792849 1.84118 -0.121633 -0.00640764 0.992555 -35.3664 
62 0.99154 -0.0138832 0.129058 -2.23378 0.0129618 0.999884 0.00797686 1.93782 -0.129154 -0.00623655 0.991605 -37.0271 
65 0.990559 -0.0156206 0.136198 -2.48892 0.0150491 0.999873 0.00522471 2.14323 -0.136262 -0.00312573 0.990668 -38.6781 
68 0.989499 -0.0146733 0.143792 -2.76457 0.0142703 0.999891 0.00383369 2.2899 -0.143833 -0.00174148 0.9896 -40.3132 
71 0.988448 -0.0138708 0.150926 -3.04342 0.0134026 0.999902 0.00411879 2.37409 -0.150969 -0.0020484 0.988536 -41.9877 
74 0.987333 -0.0116841 0.158229 -3.33508 0.0110703 0.999927 0.00476005 2.43656 -0.158273 -0.00294811 0.987391 -43.6423 
77 0.986143 -0.0125053 0.165428 -3.64026 0.011746 0.999916 0.00556762 2.50301 -0.165484 -0.00354734 0.986206 -45.2858 
80 0.984982 -0.0117688 0.172255 -3.93694 0.0111827 0.999928 0.00437254 2.65245 -0.172294 -0.00238061 0.985043 -46.9299 
83 0.983953 -0.0128887 0.177959 -4.19247 0.0122634 0.999914 0.00461295 2.74358 -0.178004 -0.00235653 0.984027 -48.6046 
86 0.983142 -0.0144117 0.182277 -4.39782 0.0137298 0.999893 0.00500255 2.82493 -0.182329 -0.00241559 0.983235 -50.2777 
89 0.982363 -0.0131015 0.186522 -4.60612 0.012312 0.99991 0.00539024 2.90035 -0.186576 -0.0029987 0.982436 -51.987 
92 0.981609 -0.0168631 0.190156 -4.79477 0.0156227 0.999846 0.00802029 2.87781 -0.190262 -0.00490204 0.981721 -53.6847 
95 0.980788 -0.0206283 0.193981 -5.0016 0.0194525 0.999779 0.00796457 2.99319 -0.194102 -0.00403815 0.980973 -55.3775 
98 0.98 -0.0233484 0.197621 -5.20528 0.0221063 0.99972 0.00848914 3.07919 -0.197763 -0.0039507 0.980242 -57.0868 
101 0.979269 -0.0210056 0.20147 -5.41155 0.0197707 0.999771 0.00813965 3.1832 -0.201595 -0.0039877 0.979461 -58.803 
104 0.978615 -0.0179954 0.204911 -5.59626 0.0167346 0.999829 0.00788429 3.27915 -0.205018 -0.00428657 0.978749 -60.5413 
107 0.977933 -0.0150383 0.208378 -5.78056 0.0134757 0.999869 0.0089163 3.28985 -0.208485 -0.0059115 0.978008 -62.2913 
110 0.976987 -0.0125117 0.21293 -6.04555 0.0110167 0.999906 0.00820615 3.4131 -0.213012 -0.00567152 0.977033 -64.0216 
113 0.976018 -0.0109823 0.217412 -6.32258 0.00890557 0.999905 0.0105296 3.34849 -0.217507 -0.00834093 0.976023 -65.7713 
116 0.975028 -0.0137654 0.221654 -6.59591 0.0115709 0.99987 0.0111962 3.42565 -0.221779 -0.00835191 0.975061 -67.5249 
118 0.974302 -0.0142046 0.224799 -6.80905 0.0124925 0.999881 0.00903693 3.64639 -0.224901 -0.00599641 0.974363 -68.6553 
120 0.973647 -0.013725 0.227646 -6.99441 0.0123539 0.999896 0.00744716 3.82431 -0.227725 -0.0044386 0.973715 -69.7925 
123 0.972682 -0.0147976 0.231671 -7.2737 0.0132259 0.999878 0.00833584 3.86838 -0.231766 -0.00504406 0.972759 -71.5446 
126 0.971624 -0.0198002 0.2357 -7.57352 0.0188513 0.999803 0.00627882 4.17234 -0.235778 -0.0016574 0.971806 -73.2842 
129 0.971159 -0.0219167 0.237423 -7.69521 0.0211065 0.99976 0.00595446 4.31852 -0.237496 -0.000771572 0.971388 -75.0581 
132 0.971495 -0.0290161 0.235278 -7.54289 0.0271814 0.99957 0.0110384 4.09751 -0.235497 -0.00432861 0.971865 -76.8555 
135 0.971275 -0.0280574 0.236301 -7.59984 0.0266867 0.999603 0.00899781 4.35178 -0.23646 -0.00243326 0.971638 -78.6535 
137 0.971162 -0.028893 0.236663 -7.62227 0.0272548 0.999577 0.0101914 4.33135 -0.236857 -0.00344727 0.971538 -79.8583 
139 0.971179 -0.0308813 0.236342 -7.59142 0.0284923 0.999503 0.0135178 4.14868 -0.236642 -0.00639429 0.971576 -81.1212 
141 0.970984 -0.0311031 0.237113 -7.64736 0.0282078 0.99948 0.0155947 4.04207 -0.237474 -0.00845376 0.971357 -82.3126 
143 0.970755 -0.0297793 0.238219 -7.73043 0.0275263 0.999539 0.0127796 4.3316 -0.23849 -0.00584861 0.971127 -83.4939 
145 0.970583 -0.030971 0.238768 -7.77456 0.0304401 0.999519 0.00591165 5.00915 -0.238836 0.00153036 0.971059 -84.6612 
147 0.970225 -0.0316717 0.240128 -7.88603 0.0320813 0.999483 0.00220407 5.42219 -0.240073 0.00556516 0.970739 -85.8689 
150 0.970147 -0.0316486 0.240444 -7.90302 0.0306025 0.999499 0.00808456 5.0045 -0.24058 -0.000485027 0.970629 -87.7145 
153 0.97018 -0.0327139 0.240168 -7.87155 0.0314947 0.999464 0.00891382 5.05016 -0.240331 -0.00108397 0.97069 -89.5206 
156 0.970105 -0.0296842 0.240864 -7.91172 0.0281119 0.999555 0.00996205 5.01795 -0.241052 -0.00289309 0.970508 -91.3085 
159 0.970237 -0.0215261 0.241198 -7.89494 0.0195305 0.999752 0.0106614 4.94135 -0.241367 -0.00563335 0.970417 -93.0833 
162 0.970148 -0.015418 0.242024 -7.93265 0.0144713 0.999879 0.0056886 5.42992 -0.242083 -0.00201637 0.970254 -94.8424 
165 0.97009 -0.0141966 0.242328 -7.93996 0.0130067 0.999894 0.00650969 5.43499 -0.242395 -0.00316311 0.970172 -96.6314 
168 0.969865 -0.014651 0.243203 -8.01406 0.0126507 0.999872 0.00978474 5.21705 -0.243316 -0.00641318 0.969926 -98.4351 
171 0.969715 -0.019558 0.243454 -8.04666 0.0173985 0.999788 0.0110177 5.27533 -0.243618 -0.00644828 0.96985 -100.201 
174 0.969444 -0.0218693 0.244335 -8.13479 0.0201597 0.999752 0.00949569 5.58004 -0.244482 -0.00427981 0.969644 -101.98 
178 0.969058 -0.0220828 0.245845 -8.28025 0.0220133 0.999753 0.00303144 6.40775 -0.245851 0.00247421 0.969304 -104.351 
181 0.968769 -0.0188989 0.247244 -8.39959 0.0195936 0.999808 -0.000349512 6.81959 -0.24719 0.00518301 0.968953 -106.122 
184 0.968158 -0.018647 0.249643 -8.6451 0.017522 0.999824 0.00672815 6.14115 -0.249724 -0.00213967 0.968315 -107.953 
187 0.967473 -0.0187776 0.252278 -8.9331 0.0172055 0.999816 0.00843619 6.04618 -0.25239 -0.00382121 0.967618 -109.787 
190 0.966887 -0.0193306 0.254472 -9.16659 0.0177334 0.999806 0.00856936 6.15039 -0.254588 -0.00377294 0.967042 -111.562 
192 0.966232 -0.0210552 0.256813 -9.43118 0.0197184 0.999775 0.00777975 6.37765 -0.256919 -0.00245312 0.96643 -113.349 
195 0.965452 -0.020897 0.259742 -9.76507 0.0212477 0.999773 0.00145761 7.26059 -0.259713 0.00411166 0.965677 -115.714 
198 0.964311 -0.0221928 0.263841 -10.252 0.0207424 0.999751 0.00828206 6.56865 -0.263959 -0.00251378 0.964531 -117.51 
201 0.963382 -0.0234614 0.267106 -10.6425 0.0213757 0.999714 0.0107139 6.39871 -0.267281 -0.00461202 0.963608 -119.277 
203 0.962742 -0.0220469 0.269522 -10.9242 0.020682 0.999755 0.00790314 6.78173 -0.26963 -0.00203443 0.962962 -120.447 
205 0.962199 -0.0222217 0.271438 -11.1554 0.0216724 0.999753 0.0050217 7.21796 -0.271483 0.00105083 0.962443 -121.602 
207 0.961578 -0.0215462 0.273685 -11.4242 0.0210938 0.999767 0.00459629 7.33088 -0.27372 0.00135335 0.961808 -122.778 
209 0.960906 -0.0211618 0.276065 -11.7173 0.0203598 0.999776 0.00577103 7.23871 -0.276125 7.52011e-05 0.961122 -123.956 
210 0.960585 -0.0210514 0.277187 -11.8566 0.0200398 0.999778 0.00648241 7.17851 -0.277262 -0.000672137 0.960794 -124.547 
212 0.960015 -0.0229837 0.279004 -12.0943 0.0212194 0.999731 0.00934255 6.92125 -0.279144 -0.00304868 0.960244 -125.737 
213 0.959752 -0.0246518 0.279765 -12.2009 0.0224183 0.999686 0.0111811 6.75621 -0.279953 -0.00445924 0.960003 -126.329 
215 0.959046 -0.0277008 0.281892 -12.4931 0.0246045 0.999592 0.0145187 6.45828 -0.282179 -0.00698832 0.959336 -127.517 
217 0.958433 -0.0283172 0.283909 -12.7544 0.0255128 0.999582 0.0135714 6.66854 -0.284174 -0.00576403 0.958755 -128.688 
219 0.958024 -0.029597 0.285156 -12.9227 0.0275224 0.999558 0.0112808 7.07653 -0.285363 -0.0029591 0.958415 -129.853 
221 0.957821 -0.0300827 0.285786 -12.9965 0.0281377 0.999545 0.0109106 7.20903 -0.285984 -0.00240902 0.958231 -131.038 
223 0.957525 -0.0282397 0.286966 -13.1362 0.0263786 0.999598 0.0103503 7.30482 -0.287143 -0.00234089 0.957885 -132.204 
225 0.957399 -0.0279664 0.287412 -13.186 0.0268094 0.999609 0.00796138 7.69812 -0.287522 8.31286e-05 0.957774 -133.376 
227 0.957418 -0.0276005 0.287383 -13.1705 0.0265842 0.999619 0.00743889 7.83033 -0.287479 0.000517727 0.957787 -134.57 
229 0.957446 -0.0299952 0.287049 -13.1315 0.0284073 0.999549 0.00969586 7.64568 -0.287211 -0.00112896 0.957867 -135.762 
231 0.957336 -0.0301736 0.287397 -13.1727 0.0280819 0.999541 0.0113986 7.47517 -0.287609 -0.00284169 0.957744 -136.965 
233 0.957246 -0.0301257 0.287701 -13.2088 0.0276578 0.999538 0.0126399 7.36338 -0.287949 -0.00414232 0.957637 -138.148 
235 0.957056 -0.0290206 0.288446 -13.297 0.0266411 0.999571 0.0121725 7.46567 -0.288676 -0.00396522 0.957419 -139.311 
237 0.956658 -0.0309283 0.289567 -13.4672 0.0297877 0.999521 0.00834665 8.14594 -0.289687 0.000640638 0.957121 -140.442 
239 0.956192 -0.0292367 0.291277 -13.6937 0.0289697 0.999567 0.00523013 8.62793 -0.291304 0.00343719 0.956624 -141.557 
241 0.955315 -0.0285885 0.294202 -14.1105 0.0286274 0.999581 0.00417501 8.83677 -0.294199 0.0044338 0.955734 -142.699 
243 0.954359 -0.0284453 0.297303 -14.5624 0.0282457 0.999589 0.00496837 8.78439 -0.297322 0.00365592 0.95477 -143.83 
245 0.953238 -0.0281175 0.30091 -15.0946 0.0278382 0.999599 0.00521689 8.80968 -0.300936 0.00340387 0.953638 -144.973 
247 0.952223 -0.0294041 0.303985 -15.564 0.028819 0.999564 0.00641219 8.73601 -0.304041 0.00265471 0.952655 -146.064 
249 0.951214 -0.0299504 0.307076 -16.0343 0.0293424 0.999548 0.00659768 8.7933 -0.307135 0.00273454 0.951662 -147.173 
251 0.950229 -0.0305465 0.310052 -16.487 0.0295754 0.999532 0.00783348 8.6874 -0.310146 0.00172631 0.950687 -148.294 
253 0.949339 -0.0307706 0.312744 -16.9003 0.0290589 0.999526 0.0101337 8.40136 -0.312908 -0.000532339 0.949783 -149.426 
255 0.948363 -0.0313109 0.315639 -17.3526 0.0296673 0.99951 0.0100119 8.50738 -0.315798 -0.000130719 0.948826 -150.576 
257 0.947444 -0.0312563 0.31839 -17.7743 0.0300581 0.99951 0.00867688 8.78047 -0.318505 0.00134934 0.94792 -151.641 
259 0.946595 -0.0300104 0.321025 -18.1722 0.0293017 0.999546 0.00703954 9.07319 -0.321091 0.00274301 0.947044 -152.747 
262 0.945165 -0.0288202 0.325319 -18.8441 0.0287656 0.999574 0.00497863 9.46872 -0.325323 0.00465236 0.945591 -154.382 
264 0.94405 -0.0274085 0.328662 -19.37 0.0270903 0.999618 0.00554794 9.39753 -0.328689 0.00366604 0.944431 -155.472 
266 0.942846 -0.0247758 0.332306 -19.9351 0.0237512 0.999692 0.00714535 9.11126 -0.33238 0.0011557 0.943145 -156.568 
268 0.941371 -0.0238704 0.336526 -20.6258 0.0229274 0.999714 0.00677603 9.20661 -0.336592 0.00133692 0.94165 -157.601 
270 0.939847 -0.0233025 0.340799 -21.3194 0.0225398 0.999727 0.00619771 9.35372 -0.34085 0.00185665 0.940116 -158.656 
272 0.937876 -0.0217734 0.346286 -22.2211 0.0203503 0.999763 0.00774536 9.10749 -0.346373 -0.000217153 0.938097 -159.677 
274 0.935529 -0.0211966 0.352613 -23.2849 0.0185919 0.999769 0.0107724 8.63515 -0.35276 -0.00352219 0.935707 -160.674 
276 0.93293 -0.0228453 0.359332 -24.4406 0.0195655 0.999727 0.0127623 8.41522 -0.359526 -0.00487578 0.933122 -161.642 
278 0.930285 -0.0228442 0.366127 -25.6106 0.0198267 0.999731 0.0120001 8.61237 -0.366303 -0.00390438 0.930488 -162.567 
280 0.927678 -0.0238896 0.372616 -26.7433 0.0212536 0.999712 0.0111808 8.86278 -0.372776 -0.00245273 0.927918 -163.487 
282 0.92536 -0.0259908 0.378197 -27.7329 0.0230808 0.999659 0.0122262 8.82459 -0.378386 -0.00258457 0.925644 -164.444 
285 0.922727 -0.0276038 0.384464 -28.8487 0.0229586 0.999597 0.0166676 8.1915 -0.384769 -0.00655288 0.922989 -165.933 
288 0.920731 -0.0299832 0.389045 -29.6799 0.0253708 0.999534 0.0169892 8.32026 -0.389373 -0.00577208 0.921062 -167.451 
291 0.918573 -0.0251049 0.394453 -30.5943 0.0245803 0.999677 0.00638371 10.1486 -0.394486 0.00383186 0.918894 -168.845 
294 0.916307 -0.0205802 0.399948 -31.5478 0.0185653 0.999788 0.00891194 9.59128 -0.400047 -0.00074092 0.916494 -170.339 
296 0.914623 -0.0160257 0.40399 -32.2421 0.0135504 0.999868 0.00898553 9.44533 -0.404081 -0.00274413 0.914719 -171.253 
298 0.91276 -0.014858 0.408227 -33.0222 0.0127604 0.999888 0.00786118 9.66743 -0.408298 -0.00196625 0.912847 -172.201 
300 0.911164 -0.0130121 0.411839 -33.6789 0.0111099 0.999914 0.00701269 9.81102 -0.411895 -0.00181423 0.91123 -173.143 
302 0.909374 -0.0136544 0.415756 -34.4194 0.01165 0.999905 0.00735743 9.8396 -0.415817 -0.00184709 0.909446 -174.074 
305 0.906556 -0.0145333 0.421835 -35.5806 0.0117631 0.999889 0.00916905 9.62354 -0.421922 -0.00335018 0.906626 -175.452 
308 0.903866 -0.0158487 0.427523 -36.6826 0.0120993 0.999861 0.0114856 9.32775 -0.427645 -0.00520871 0.903932 -176.833 
310 0.902055 -0.0169028 0.431289 -37.4159 0.0130871 0.999845 0.0118132 9.37572 -0.431422 -0.00501183 0.902136 -177.746 
313 0.898932 -0.019741 0.437642 -38.6838 0.0166861 0.999802 0.0108248 9.798 -0.437769 -0.00242822 0.899084 -179.059 
316 0.895729 -0.0213037 0.444089 -39.973 0.0187081 0.999773 0.0102264 10.0882 -0.444206 -0.000852054 0.895924 -180.349 
319 0.892794 -0.0224151 0.449907 -41.1437 0.0197243 0.999749 0.0106684 10.1457 -0.450033 -0.000650619 0.893012 -181.66 
321 0.890932 -0.0230815 0.453549 -41.883 0.0201616 0.999733 0.0112729 10.1139 -0.453688 -0.000899104 0.89116 -182.548 
324 0.888312 -0.0246523 0.458578 -42.9108 0.0213663 0.999695 0.012353 10.067 -0.458743 -0.00117523 0.888568 -183.845 
327 0.8863 -0.0269483 0.462328 -43.7076 0.0232178 0.999636 0.0137577 9.9836 -0.46253 -0.00145916 0.886602 -185.245 
330 0.88452 -0.0276461 0.465683 -44.4086 0.0245455 0.999618 0.0127222 10.3291 -0.465857 0.000177371 0.88486 -186.609 
333 0.883248 -0.0291227 0.468 -44.9014 0.02664 0.999574 0.0119241 10.6664 -0.468148 0.00193557 0.883648 -188.01 
336 0.881966 -0.0292699 0.470404 -45.3992 0.0271227 0.999568 0.0113433 10.8893 -0.470532 0.00275428 0.882378 -189.4 
339 0.881425 -0.0292954 0.471415 -45.6029 0.0274524 0.999565 0.0107875 11.0986 -0.471526 0.00343308 0.881846 -190.852 
342 0.881372 -0.0272164 0.471638 -45.613 0.0260108 0.99962 0.00907653 11.4414 -0.471706 0.00426789 0.881746 -192.33 
345 0.881491 -0.0250097 0.471537 -45.544 0.0222175 0.999687 0.0114886 10.8743 -0.471677 0.000349254 0.881771 -193.816 
348 0.881857 -0.0244601 0.470881 -45.3881 0.0208897 0.9997 0.0128079 10.6368 -0.471053 -0.00145819 0.882104 -195.386 
351 0.881975 -0.0266859 0.47054 -45.3273 0.0233739 0.999644 0.0128813 10.8367 -0.470716 -0.000362653 0.882285 -196.843 
354 0.882266 -0.037007 0.469295 -45.1744 0.035019 0.999303 0.0129665 11.5125 -0.469448 0.00499432 0.882946 -198.264 
357 0.882972 -0.0263881 0.468683 -44.8888 0.0230007 0.999652 0.0129509 10.9695 -0.468861 -0.000655306 0.883272 -199.714 
360 0.884826 -0.0302012 0.464942 -44.09 0.0239887 0.999526 0.0192735 9.84574 -0.465304 -0.00590036 0.885131 -201.325 
362 0.885278 -0.0286344 0.46418 -43.8925 0.0248853 0.999589 0.0142019 10.9567 -0.464396 -0.00102136 0.885627 -202.205 
364 0.885911 -0.0258198 0.463137 -43.6155 0.0239102 0.999664 0.00999448 11.7999 -0.463239 0.00221949 0.88623 -203.106 
366 0.887236 -0.0269934 0.460526 -43.0274 0.0247273 0.999634 0.010954 11.7088 -0.460653 0.00166877 0.887578 -204.111 
368 0.887983 -0.0291336 0.458952 -42.6899 0.0262399 0.999575 0.0126825 11.4959 -0.459127 0.000781054 0.88837 -205.066 
370 0.888914 -0.0326625 0.456908 -42.2609 0.0292629 0.999466 0.0145169 11.3431 -0.457138 0.000466179 0.889395 -206.017 
373 0.890579 -0.0363002 0.453377 -41.486 0.0348395 0.999326 0.0115763 12.3289 -0.453492 0.00548585 0.891244 -207.386 
376 0.892207 -0.0340199 0.450343 -40.7447 0.0342058 0.999385 0.00772818 13.1552 -0.450329 0.0085092 0.892822 -208.715 
379 0.89401 -0.0339907 0.446756 -39.8945 0.0346579 0.999377 0.0066816 13.4666 -0.446704 0.00951018 0.894631 -210.031 
382 0.895327 -0.0315669 0.44429 -39.2843 0.0303851 0.99949 0.00978238 12.6527 -0.444372 0.00474137 0.89583 -211.39 
385 0.897239 -0.0299889 0.440525 -38.3704 0.0272741 0.99955 0.0124943 11.9796 -0.440702 0.000804493 0.897653 -212.739 
388 0.898226 -0.0275329 0.43867 -37.8955 0.0236299 0.999618 0.0143557 11.4425 -0.438897 -0.00252895 0.898534 -213.971 
391 0.899949 -0.0262547 0.435204 -37.0497 0.0227972 0.999653 0.0131645 11.7093 -0.435399 -0.00192598 0.900235 -215.204 
394 0.901035 -0.0257981 0.432979 -36.5106 0.023075 0.999667 0.0115435 12.13 -0.433133 -0.000410135 0.90133 -216.361 
398 0.903781 -0.0211843 0.427471 -35.1261 0.0196599 0.999775 0.00798016 12.7604 -0.427544 0.00119173 0.903994 -217.959 
402 0.90659 -0.0236841 0.421348 -33.6783 0.0229258 0.999714 0.00686605 13.2759 -0.42139 0.00343507 0.906873 -219.517 
406 0.910231 -0.0204577 0.413596 -31.7462 0.0197587 0.999787 0.00596821 13.3725 -0.41363 0.00273966 0.910441 -221.486 
410 0.914009 -0.0228532 0.40505 -29.7054 0.0239482 0.99971 0.00236442 14.5065 -0.404987 0.00753911 0.914291 -223.381 
414 0.916887 -0.0280396 0.398162 -28.0958 0.0294188 0.999564 0.00264646 14.8782 -0.398062 0.00928692 0.917311 -224.874 
416 0.91841 -0.0299762 0.394492 -27.2211 0.0314091 0.999503 0.0028261 14.9944 -0.39438 0.0097951 0.918895 -225.529 
419 0.920744 -0.0287037 0.389111 -25.8949 0.029214 0.999563 0.00460678 14.5294 -0.389073 0.00712582 0.921179 -226.802 
422 0.923546 -0.0275428 0.382496 -24.2562 0.028343 0.999592 0.00354394 14.7657 -0.382438 0.00756808 0.92395 -227.932 
425 0.92652 -0.0333545 0.374763 -22.4326 0.0331311 0.999426 0.00704084 14.3536 -0.374783 0.00589286 0.927094 -229.036 
427 0.928177 -0.0351934 0.370472 -21.4052 0.0345716 0.999368 0.00832072 14.2099 -0.370531 0.00508473 0.928806 -229.867 
429 0.930497 -0.0342335 0.364696 -19.9672 0.0334389 0.999405 0.00849561 14.1361 -0.364769 0.00428989 0.931088 -230.632 
431 0.932401 -0.0300431 0.360176 -18.7908 0.0276614 0.999548 0.0117667 13.0698 -0.360366 -0.00100836 0.93281 -231.427 
434 0.935718 -0.0288595 0.351567 -16.6442 0.0251524 0.999569 0.0151081 12.2085 -0.351852 -0.00529413 0.936041 -232.563 
437 0.93908 -0.0322096 0.342187 -14.3674 0.0282138 0.999463 0.0166495 12.117 -0.34254 -0.0059808 0.939484 -233.748 
440 0.942287 -0.0304101 0.333421 -12.1695 0.0292458 0.999536 0.00851182 14.0651 -0.333526 0.00173059 0.942739 -234.759 
443 0.946064 -0.0298667 0.3226 -9.47812 0.0290176 0.999551 0.0074422 14.3533 -0.322677 0.00232027 0.946506 -235.869 
445 0.948395 -0.0325458 0.315416 -7.73422 0.0300971 0.999467 0.0126327 13.2956 -0.315659 -0.00248769 0.948869 -236.662 
447 0.950644 -0.0317996 0.30865 -6.04004 0.0286382 0.999481 0.0147685 12.7486 -0.30896 -0.00520037 0.951061 -237.42 
449 0.952968 -0.0300968 0.301572 -4.25774 0.0267853 0.999527 0.015111 12.5723 -0.301884 -0.00632259 0.953324 -238.078 
452 0.95621 -0.0321515 0.29091 -1.63253 0.029844 0.999478 0.0123667 13.4641 -0.291156 -0.00314327 0.956671 -239.173 
455 0.959319 -0.0331588 0.28037 0.980152 0.0311072 0.999447 0.0117657 13.7565 -0.280605 -0.00256552 0.95982 -240.205 
458 0.962499 -0.0296789 0.269658 3.7039 0.0265649 0.999532 0.0151908 12.7097 -0.269983 -0.00745771 0.962836 -241.294 
461 0.965821 -0.0290046 0.257581 6.72887 0.0263909 0.999559 0.0135994 13.1185 -0.257862 -0.00633681 0.966161 -242.293 
464 0.969084 -0.0307879 0.244804 9.89337 0.0289305 0.999519 0.0111805 13.9169 -0.24503 -0.00375256 0.969508 -243.241 
467 0.97257 -0.0277137 0.230955 13.3992 0.0259581 0.999606 0.0106373 13.8988 -0.231159 -0.00435033 0.972906 -244.197 
469 0.974994 -0.0260203 0.220701 15.9851 0.0237817 0.999635 0.0127948 13.281 -0.220953 -0.00722621 0.975258 -244.84 
471 0.977585 -0.0248618 0.209068 18.9064 0.0225728 0.999656 0.0133277 13.1088 -0.209327 -0.00830976 0.97781 -245.419 
473 0.98012 -0.0244193 0.196896 21.9503 0.0224278 0.999672 0.0123382 13.3735 -0.197133 -0.007677 0.980347 -245.951 
475 0.982738 -0.0219557 0.183695 25.2809 0.0199265 0.999718 0.0128854 13.1149 -0.183926 -0.00900257 0.982899 -246.459 
477 0.985423 -0.019704 0.168975 28.9582 0.0179715 0.999769 0.0117766 13.2804 -0.169168 -0.00856824 0.98555 -246.706 
479 0.987996 -0.0209932 0.153048 32.9303 0.0192741 0.999733 0.0127076 13.2008 -0.153274 -0.0096052 0.988137 -247.224 
482 0.99135 -0.0197024 0.129759 38.7408 0.0183932 0.999767 0.0112797 13.5494 -0.129951 -0.00879549 0.991481 -247.655 
485 0.994192 -0.0201249 0.105723 44.7029 0.0192818 0.999774 0.00899046 14.2335 -0.10588 -0.0068997 0.994355 -247.934 
488 0.996459 -0.0224801 0.0810237 50.751 0.0219695 0.999733 0.00718752 14.9205 -0.0811636 -0.00538201 0.996686 -247.923 
491 0.998097 -0.0252798 0.0562496 56.8782 0.0250338 0.999674 0.00507297 15.7308 -0.0563595 -0.00365517 0.998404 -248.062 
494 0.999167 -0.0243965 0.0327097 62.7091 0.0242309 0.999692 0.0054484 15.6594 -0.0328325 -0.00465127 0.99945 -248.058 
496 0.999563 -0.0236124 0.0177593 66.4103 0.0235069 0.999705 0.00612595 15.4904 -0.0178988 -0.0057058 0.999824 -248.055 
499 0.99976 -0.0218809 -0.00127014 71.1368 0.0218861 0.999752 0.00422118 15.9216 0.00117746 -0.00424797 0.99999 -248.164 
501 0.999729 -0.020331 -0.0112985 73.6424 0.0203707 0.999787 0.00341619 16.0686 0.0112267 -0.00364543 0.99993 -248.388 
503 0.999626 -0.0193434 -0.0193512 75.6004 0.0194252 0.999803 0.00404757 15.889 0.0192691 -0.00442196 0.999805 -248.637 
505 0.999449 -0.0193091 -0.0270028 77.5496 0.0194115 0.999805 0.00353733 16.0775 0.0269293 -0.00405955 0.999629 -249.152 
507 0.999248 -0.0181701 -0.0342441 79.3679 0.0182905 0.999828 0.00320512 16.1339 0.0341799 -0.00382905 0.999408 -249.568 
510 0.998869 -0.0149042 -0.0451412 82.1391 0.0150051 0.999886 0.00189771 16.3129 0.0451078 -0.00257291 0.998979 -250.166 
512 0.998609 -0.00960498 -0.0518488 83.8981 0.00973714 0.99995 0.00229686 15.8955 0.0518242 -0.00279852 0.998652 -250.611 
514 0.998268 -0.00376475 -0.0587105 85.703 0.0037259 0.999993 -0.000771078 16.307 0.058713 0.000550993 0.998275 -250.983 
516 0.997839 -0.00264484 -0.065646 87.4595 0.00223471 0.999978 -0.00632014 17.6754 0.0656613 0.00615978 0.997823 -251.299 
518 0.997404 -0.00198836 -0.0719857 89.0643 0.00128636 0.999951 -0.00979709 18.56 0.0720017 0.00967906 0.997358 -251.684 
520 0.996908 -0.00223482 -0.0785448 90.7156 0.0017323 0.999978 -0.00646546 17.7912 0.0785575 0.00630941 0.99689 -252.153 
522 0.996399 -0.00064246 -0.0847879 92.3197 0.000468491 0.999998 -0.00207169 16.6162 0.084789 0.00202451 0.996397 -252.643 
524 0.995911 -0.00206508 -0.0903177 93.7057 0.00185782 0.999995 -0.00237887 16.8426 0.0903222 0.00220135 0.99591 -253.119 
526 0.995449 -0.00314719 -0.0952394 94.9418 0.00292884 0.999993 -0.00243238 16.9891 0.0952464 0.00214237 0.995451 -253.645 
528 0.995026 -0.00253864 -0.0995859 96.1511 0.00231397 0.999995 -0.00237147 17.0194 0.0995914 0.00212923 0.995026 -254.629 
530 0.994687 0.000278511 -0.102943 96.9634 -0.000374761 1 -0.000915657 16.4734 0.102942 0.000949371 0.994687 -254.913 
532 0.994437 -0.000638112 -0.105329 97.5606 0.000229182 0.999992 -0.00389447 17.3593 0.10533 0.00384867 0.99443 -255.633 
534 0.994227 -0.000907881 -0.10729 98.0584 0.000368162 0.999987 -0.00505018 17.7331 0.107293 0.00498153 0.994215 -256.41 
536 0.994028 0.000198738 -0.109124 98.6965 -0.000910748 0.999979 -0.00647496 18.1075 0.109121 0.00653568 0.994007 -257.638 
539 0.993899 0.00127894 -0.110285 98.879 -0.00197807 0.999979 -0.0062301 18.0237 0.110275 0.00641024 0.99388 -258.599 
541 0.993822 0.000995085 -0.110985 99.059 -0.00168756 0.99998 -0.00614561 18.0783 0.110977 0.00629493 0.993803 -259.533 
543 0.993775 0.00114612 -0.111404 99.1704 -0.00189542 0.999976 -0.00662027 18.2475 0.111394 0.00679021 0.993753 -260.485 
545 0.993692 0.000892779 -0.112143 99.3606 -0.0018541 0.999962 -0.00846828 18.8077 0.112131 0.00862279 0.993656 -261.379 
547 0.99358 -0.00109846 -0.113131 99.5884 0.000135338 0.999964 -0.00852065 19.0209 0.113136 0.00845063 0.993544 -262.284 
549 0.993441 -0.0026186 -0.114315 99.9744 0.00193819 0.99998 -0.00606283 18.5402 0.114328 0.0058015 0.993426 -263.405 
551 0.993241 -0.0039113 -0.116001 100.316 0.00357003 0.999989 -0.00314961 17.9061 0.116012 0.0027142 0.993244 -264.172 
553 0.99307 -0.00519697 -0.11741 100.729 0.00496499 0.999985 -0.00226821 17.8408 0.11742 0.00166955 0.993081 -265.544 
555 0.992993 -0.00696668 -0.11797 100.93 0.00679271 0.999975 -0.0018767 17.9043 0.117981 0.00106221 0.993015 -266.358 
557 0.992771 -0.00919841 -0.119668 101.392 0.00887143 0.999955 -0.00326484 18.505 0.119693 0.00217962 0.992809 -267.394 
559 0.992686 -0.0105993 -0.12026 101.537 0.0101279 0.999938 -0.00453069 18.9926 0.120301 0.00327957 0.992732 -268.258 
561 0.992515 -0.0108522 -0.121637 101.829 0.0107387 0.999941 -0.00158861 18.256 0.121647 0.000270498 0.992573 -269.047 
563 0.992327 -0.013704 -0.122881 102.2 0.0136934 0.999906 -0.000930905 18.3454 0.122882 -0.000758887 0.992421 -270.17 
565 0.992108 -0.0149535 -0.124491 102.612 0.0146324 0.999887 -0.0034936 19.1806 0.124529 0.00164443 0.992215 -270.984 
567 0.99199 -0.0137298 -0.12557 102.9 0.0129723 0.999892 -0.00684847 20.0678 0.12565 0.00516469 0.992061 -271.774 
569 0.991611 -0.0141734 -0.128478 103.713 0.0136251 0.999894 -0.00514547 19.7201 0.128537 0.00335179 0.991699 -273.124 
571 0.991513 -0.0117175 -0.129475 103.989 0.0118212 0.99993 3.26733e-05 18.1742 0.129466 -0.00156295 0.991583 -274.035 
573 0.991504 -0.00621636 -0.129927 104.241 0.00685952 0.999966 0.00450319 16.6525 0.129895 -0.00535617 0.991513 -275.716 
575 0.991455 -0.00736415 -0.130238 104.24 0.00706219 0.999971 -0.00278024 18.8012 0.130255 0.00183672 0.991479 -276.445 
577 0.991423 -0.00801391 -0.130446 104.357 0.00693154 0.999938 -0.00874938 20.5818 0.130508 0.00777015 0.991417 -277.478 
579 0.991449 -0.00693785 -0.130311 104.308 0.00605321 0.999956 -0.0071836 20.1276 0.130355 0.00633337 0.991447 -278.503 
581 0.991336 -0.00795366 -0.13111 104.541 0.00771996 0.999968 -0.00229068 18.8806 0.131124 0.00125867 0.991365 -279.56 
583 0.991072 -0.00952933 -0.132984 105.042 0.00949229 0.999955 -0.000912494 18.6522 0.132987 -0.000357975 0.991118 -280.433 
585 0.990608 -0.0126344 -0.13615 105.9 0.0124574 0.99992 -0.00215204 19.2674 0.136166 0.000435748 0.990686 -281.134 
586 0.990375 -0.0116661 -0.137919 106.349 0.0114457 0.999932 -0.00239072 19.2924 0.137937 0.000789127 0.990441 -281.351 
588 0.990105 -0.00913471 -0.140028 107.064 0.00894891 0.999958 -0.00195648 19.0646 0.14004 0.000684026 0.990146 -282.311 
589 0.98995 -0.00744555 -0.141223 107.428 0.00734203 0.999972 -0.00125408 18.781 0.141229 0.000204613 0.989977 -282.713 
591 0.989535 -0.00562269 -0.14418 108.311 0.00559922 0.999984 -0.000568501 18.5214 0.144181 -0.000244744 0.989551 -283.465 
592 0.98936 -0.005687 -0.145378 108.613 0.0056299 0.999984 -0.000804218 18.6179 0.14538 -2.27993e-05 0.989376 -283.752 
594 0.989046 -0.00626738 -0.147473 109.242 0.00624962 0.99998 -0.000583759 18.6603 0.147473 -0.000344283 0.989066 -284.659 
596 0.988842 -0.00512472 -0.148881 109.664 0.00490184 0.999986 -0.00186388 19.0124 0.148889 0.00111329 0.988853 -285.516 
598 0.988735 -0.00195624 -0.149664 109.942 0.00158945 0.999995 -0.00257037 19.066 0.149668 0.00230353 0.988734 -286.447 
600 0.988665 -0.000396689 -0.150137 110.104 -0.000144613 0.999994 -0.00359445 19.3198 0.150137 0.00357542 0.988659 -287.423 
602 0.988497 -0.000244877 -0.15124 110.39 -0.000348358 0.999992 -0.00389596 19.4474 0.15124 0.00390383 0.988489 -288.248 
604 0.988428 -0.00327836 -0.151653 110.503 0.00235443 0.999978 -0.00627158 20.4054 0.15167 0.00584195 0.988414 -289.303 
606 0.988386 -0.00391193 -0.151914 110.576 0.00272864 0.999964 -0.00799687 21.01 0.15194 0.00748948 0.988361 -290.282 
608 0.988384 -0.00208032 -0.15196 110.623 0.000950125 0.999971 -0.00750967 20.8091 0.151971 0.00727806 0.988358 -291.319 
610 0.988274 -0.000976227 -0.152688 110.833 -3.95892e-05 0.999978 -0.00664971 20.5359 0.152691 0.00657778 0.988252 -292.203 
612 0.988126 -0.00486936 -0.15357 111.054 0.00344232 0.999948 -0.00955693 21.7143 0.153609 0.00891481 0.988092 -293.164 
614 0.988183 -0.0053317 -0.153184 110.935 0.00366162 0.999931 -0.0111825 22.287 0.153233 0.0104895 0.988134 -294.196 
616 0.988235 -0.00743158 -0.152763 110.773 0.00571796 0.999916 -0.0116538 22.624 0.152836 0.0106432 0.988194 -295.268 
618 0.988099 -0.0111675 -0.153413 110.889 0.00957977 0.999893 -0.0110848 22.745 0.15352 0.0094832 0.9881 -296.174 
620 0.987988 -0.0151921 -0.15378 110.952 0.0138465 0.999856 -0.00981758 22.6903 0.153907 0.00757035 0.988056 -297.281 
622 0.987899 -0.0205894 -0.153723 110.842 0.0192909 0.999765 -0.00993387 23.1318 0.153891 0.00684821 0.988064 -298.329 
624 0.987563 -0.0310311 -0.154133 110.773 0.02905 0.999464 -0.0150892 25.4172 0.154519 0.010424 0.987935 -299.224 
626 0.987694 -0.0298708 -0.15352 110.623 0.028017 0.999506 -0.0142248 25.1446 0.153869 0.00974861 0.988043 -300.351 
628 0.987903 -0.0263435 -0.152819 110.474 0.0258842 0.999652 -0.00499448 22.173 0.152897 0.000978474 0.988242 -301.637 
630 0.987609 -0.0282392 -0.15437 110.927 0.0289778 0.999577 0.00253634 20.0541 0.154233 -0.00697821 0.98801 -302.703 
632 0.98773 -0.023868 -0.154337 111.014 0.024678 0.99969 0.00333409 19.5861 0.15421 -0.0071019 0.988013 -303.749 
634 0.987902 -0.0204052 -0.153732 110.882 0.0207785 0.999784 0.000821891 20.1933 0.153681 -0.00400626 0.988112 -304.742 
636 0.987817 -0.01616 -0.15478 111.308 0.0161523 0.999869 -0.00130693 20.6481 0.154781 -0.00120905 0.987948 -305.677 
638 0.987859 -0.0124316 -0.154856 111.413 0.0122573 0.999923 -0.00208051 20.709 0.15487 0.000157138 0.987935 -306.686 
640 0.987932 -0.0104425 -0.154539 111.359 0.0101471 0.999945 -0.00269993 20.8324 0.154559 0.00109921 0.987983 -307.747 
642 0.987962 -0.00933057 -0.154417 111.349 0.00919717 0.999956 -0.0015783 20.4689 0.154425 0.000139093 0.988004 -308.82 
644 0.987979 -0.00944124 -0.154298 111.299 0.00929728 0.999955 -0.00165457 20.5573 0.154307 0.000200128 0.988023 -309.859 
646 0.98799 -0.0084392 -0.154288 111.338 0.00814404 0.999964 -0.00254501 20.8284 0.154303 0.00125792 0.988023 -310.869 
648 0.988038 -0.00690161 -0.154059 111.299 0.00628761 0.99997 -0.00447234 21.397 0.154085 0.00345018 0.988052 -311.89 
650 0.987926 -0.00822423 -0.15471 111.494 0.0076558 0.999962 -0.00426957 21.488 0.154739 0.00303359 0.987951 -313.126 
652 0.987911 -0.00758516 -0.154835 111.544 0.00756316 0.999971 -0.0007312 20.375 0.154836 -0.000448682 0.98794 -313.969 
654 0.987868 -0.00932449 -0.155019 111.572 0.00945539 0.999955 0.000107119 20.2752 0.155011 -0.00157158 0.987912 -315.017 
656 0.987755 -0.00984583 -0.155704 111.786 0.0098016 0.999951 -0.00105183 20.7341 0.155707 -0.000487196 0.987803 -315.971 
658 0.98761 -0.010327 -0.15659 112.066 0.00990682 0.999945 -0.00346348 21.5971 0.156618 0.00186925 0.987658 -316.879 
660 0.987457 -0.0079903 -0.157686 112.498 0.00760334 0.999966 -0.00305706 21.4072 0.157706 0.00181978 0.987484 -318.211 
662 0.987299 -0.00454244 -0.158806 112.904 0.00419677 0.999988 -0.00251198 21.0548 0.158816 0.00181361 0.987307 -318.731 
664 0.987119 0.000694631 -0.159985 113.39 -0.00112368 0.999996 -0.00259133 20.813 0.159982 0.00273772 0.987116 -319.617 
666 0.98703 0.00447926 -0.160476 113.625 -0.00530029 0.999975 -0.00468853 21.3174 0.160451 0.00547828 0.987029 -320.544 
668 0.986938 0.00549834 -0.161007 113.823 -0.00657116 0.99996 -0.00613149 21.7823 0.160967 0.0071094 0.986934 -321.491 
670 0.986932 0.00615378 -0.161022 113.844 -0.00720905 0.999956 -0.00597019 21.7509 0.160978 0.00705298 0.986933 -322.531 
672 0.987012 0.00657501 -0.16051 113.689 -0.00731522 0.999965 -0.00402113 21.1475 0.160478 0.00514307 0.987026 -323.666 
674 0.987081 0.00900039 -0.159966 113.563 -0.00925452 0.999957 -0.000843738 20.0171 0.159952 0.00231325 0.987122 -324.824 
676 0.987126 0.011534 -0.159526 113.499 -0.0115815 0.999933 0.000632313 19.4557 0.159522 0.00122337 0.987194 -326.347 
678 0.987302 0.0117816 -0.158417 113.115 -0.0121745 0.999925 -0.00150994 20.1851 0.158387 0.00341941 0.987371 -327.073 
680 0.987616 0.0118648 -0.15644 112.469 -0.0126914 0.99991 -0.00428615 21.1621 0.156375 0.00621851 0.987678 -328.297 
682 0.988027 0.0128904 -0.153744 111.601 -0.013737 0.999896 -0.00444553 21.2174 0.15367 0.00650428 0.988101 -329.708 
684 0.988422 0.0111135 -0.151324 110.768 -0.0118982 0.99992 -0.00428093 21.3364 0.151264 0.00603184 0.988475 -331.18 
686 0.988689 0.00688956 -0.149823 110.301 -0.00771412 0.999958 -0.0049231 21.9366 0.149783 0.00602317 0.988701 -333.616 
688 0.98908 0.00379516 -0.14733 109.326 -0.00487108 0.999964 -0.0069427 22.8184 0.147298 0.00758454 0.989063 -334.227 
690 0.989343 -0.00149835 -0.145594 108.652 0.000199181 0.99996 -0.00893743 23.868 0.145601 0.00881318 0.989304 -335.435 
692 0.989597 -0.00745474 -0.143674 107.899 0.00595002 0.999923 -0.0109 24.9464 0.143744 0.00993175 0.989565 -336.653 
694 0.989796 -0.0172569 -0.141443 107.019 0.0153807 0.999779 -0.0143473 26.815 0.141659 0.0120254 0.989842 -338.762 
696 0.990137 -0.0155441 -0.139239 106.252 0.0145289 0.99986 -0.00830505 24.6514 0.139349 0.00620015 0.990224 -339.235 
698 0.990322 -0.0134154 -0.138137 105.933 0.0139182 0.9999 0.00267505 20.8269 0.138087 -0.00457178 0.99041 -340.803 
700 0.990173 -0.0186479 -0.138601 106.081 0.0195251 0.999797 0.0049717 20.4281 0.13848 -0.00762904 0.990336 -342.474 
702 0.990387 -0.016425 -0.137347 105.631 0.0160337 0.999864 -0.0039553 23.4188 0.137393 0.0017151 0.990515 -343.168 
704 0.990679 -0.00977518 -0.135869 105.275 0.00904138 0.999941 -0.00601685 23.8363 0.13592 0.00473232 0.990708 -344.658 
706 0.990716 -0.00630758 -0.1358 105.346 0.00657935 0.999977 0.00155254 21.0847 0.135787 -0.0024316 0.990735 -346.217 
708 0.99082 -0.00753293 -0.134977 105.081 0.00843837 0.999946 0.0061372 19.5755 0.134923 -0.00721985 0.99083 -346.837 
710 0.99093 -0.00478228 -0.134295 104.916 0.00543824 0.999975 0.00451811 20.0812 0.13427 -0.00520746 0.990931 -348.824 
712 0.991075 -0.00442597 -0.133233 104.571 0.00473423 0.999987 0.00199704 21.0134 0.133223 -0.00260998 0.991083 -349.949 
715 0.991423 0.000500781 -0.130694 103.802 0.000178841 0.999987 0.00518829 19.6949 0.130695 -0.00516716 0.991409 -351.828 
718 0.991878 0.00140221 -0.127183 102.582 -0.000969211 0.999994 0.0034664 20.2938 0.127187 -0.00331498 0.991873 -352.948 
721 0.992293 0.0013075 -0.123904 101.445 -0.00125008 0.999999 0.000541152 21.4824 0.123904 -0.000382092 0.992294 -355.627 
724 0.992805 0.00358913 -0.119687 100.003 -0.0032745 0.999991 0.00282528 20.6195 0.119696 -0.00241304 0.992808 -357.629 
726 0.993152 0.00326625 -0.116781 98.9671 -0.00340071 0.999994 -0.000952152 22.0529 0.116777 0.00134277 0.993157 -358.866 
728 0.99347 0.00181208 -0.114079 97.9798 -0.00229258 0.999989 -0.00408087 23.2782 0.114071 0.00431575 0.993463 -359.368 
730 0.993686 0.00105118 -0.112192 97.2887 -0.00158824 0.999988 -0.0046977 23.6441 0.112186 0.00484623 0.993675 -361.19 
732 0.9938 -0.000125241 -0.111185 96.9012 -0.00011215 0.999998 -0.00212884 22.8326 0.111185 0.00212811 0.993797 -362.312 
735 0.993777 -0.000935925 -0.111381 96.9668 0.000881146 0.999999 -0.00054103 22.3794 0.111382 0.00043952 0.993778 -363.84 
737 0.99374 -0.00260232 -0.111686 97.0502 0.00229875 0.999993 -0.00284682 23.3696 0.111692 0.00257226 0.993739 -364.731 
739 0.993709 -0.00313185 -0.111947 97.1419 0.00262922 0.999986 -0.00463725 24.1111 0.11196 0.00431375 0.993703 -365.666 
741 0.993685 -0.0042611 -0.112124 97.1957 0.00374965 0.999982 -0.00477195 24.2839 0.112143 0.00432139 0.993683 -366.68 
743 0.9936 -0.00649405 -0.112773 97.4025 0.00607935 0.999973 -0.00402086 24.1861 0.112796 0.00330954 0.993613 -367.649 
745 0.993547 -0.00902112 -0.113065 97.4703 0.0085702 0.999953 -0.00447356 24.528 0.1131 0.0034757 0.993578 -368.225 
747 0.99347 -0.0161352 -0.112949 97.2756 0.0153312 0.999851 -0.00798359 26.2977 0.113061 0.00619981 0.993569 -369.528 
749 0.993532 -0.0138796 -0.112704 97.2446 0.0131849 0.999889 -0.00690721 25.8323 0.112787 0.00537655 0.993605 -370.556 
751 0.993524 -0.0144723 -0.112699 97.236 0.0139374 0.999888 -0.00553267 25.415 0.112767 0.0039261 0.993614 -371.579 
753 0.993363 -0.0176105 -0.113666 97.5362 0.0170783 0.999838 -0.00565498 25.6881 0.113747 0.00367624 0.993503 -372.464 
755 0.993358 -0.0200836 -0.113297 97.3528 0.0190814 0.999769 -0.00992335 27.4698 0.11347 0.00769558 0.993512 -373.123 
757 0.99328 -0.0263265 -0.112706 97.0004 0.0248497 0.999586 -0.0144879 29.5999 0.113041 0.0115898 0.993523 -374.297 
759 0.993366 -0.0255895 -0.112115 96.8061 0.0242445 0.999617 -0.0133437 29.1933 0.112413 0.010537 0.993606 -375.371 
761 0.993477 -0.0249068 -0.11128 96.5129 0.0243408 0.999683 -0.00644164 26.6092 0.111405 0.00369097 0.993768 -376.616 
763 0.99354 -0.0233261 -0.111058 96.4746 0.0237341 0.999716 0.00235309 23.2418 0.110972 -0.00497376 0.993811 -377.817 
765 0.993639 -0.0219496 -0.110455 96.2878 0.0225409 0.999737 0.00410766 22.5528 0.110336 -0.00657129 0.993873 -378.87 
767 0.993834 -0.0210517 -0.108865 95.6965 0.0212753 0.999773 0.00089282 23.7677 0.108821 -0.00320344 0.994056 -379.653 
769 0.993993 -0.0174795 -0.108038 95.4805 0.0172933 0.999847 -0.00266005 25.0067 0.108068 0.000775748 0.994143 -380.833 
771 0.99417 -0.0151909 -0.10675 95.0442 0.0150941 0.999885 -0.00171472 24.5808 0.106763 9.34368e-05 0.994284 -381.913 
773 0.994234 -0.0133832 -0.106393 94.9558 0.0136033 0.999907 0.0013438 23.3615 0.106365 -0.00278335 0.994323 -382.942 
775 0.994273 -0.012595 -0.106129 94.8698 0.0130467 0.999909 0.0035631 22.5028 0.106074 -0.00492732 0.994346 -383.782 
