0 1 3.19035e-05 1.12302e-05 -4.15986e-05 -3.19033e-05 1 -1.50722e-05 1.58661e-05 -1.12307e-05 1.50718e-05 1 -2.2269e-05 
7 0.999321 0.0340393 -0.0141346 0.00327721 -0.0339565 0.999405 0.00605706 0.125323 0.0143324 -0.00557299 0.999882 -0.175646 
9 0.997992 0.0611807 -0.0163957 0.0129741 -0.0612639 0.998111 -0.00462166 0.158625 0.016082 0.00561685 0.999855 -0.213 
11 0.997903 0.0617085 -0.0195204 0.0185711 -0.0620285 0.997942 -0.0162361 0.188985 0.0184783 0.0174129 0.999678 -0.249045 
13 0.997913 0.0613254 -0.0202257 0.022519 -0.0618036 0.997801 -0.0239356 0.219935 0.0187133 0.0251356 0.999509 -0.286805 
15 0.997279 0.071738 -0.0169963 0.0269496 -0.0720712 0.997201 -0.019878 0.249265 0.0155227 0.0210488 0.999658 -0.328906 
17 0.997648 0.0670988 -0.0139908 0.0254334 -0.067288 0.997642 -0.0135198 0.273888 0.0130507 0.0144294 0.999811 -0.375773 
19 0.998192 0.0594202 -0.00903449 0.0189421 -0.0594636 0.99822 -0.00460996 0.297691 0.00874448 0.00513885 0.999949 -0.428344 
21 0.997977 0.063274 -0.00619133 0.0143023 -0.0632198 0.997963 0.00858847 0.322112 0.00672215 -0.00817968 0.999944 -0.485957 
23 0.998556 0.051236 0.0161416 -0.0050878 -0.0516048 0.998395 0.0233228 0.344633 -0.0149207 -0.0241221 0.999598 -0.543788 
25 0.99885 0.0418186 0.0234657 -0.0162554 -0.0426192 0.998488 0.0347251 0.369713 -0.0219781 -0.0356853 0.999121 -0.598626 
27 0.999004 0.0341406 0.0287131 -0.0247993 -0.0350048 0.998932 0.0301532 0.403956 -0.0276529 -0.0311283 0.999133 -0.643553 
29 0.999276 0.0258907 0.027873 -0.0299385 -0.0263273 0.999535 0.0154138 0.442166 -0.0274609 -0.0161365 0.999493 -0.679746 
31 0.999615 0.00959191 0.0260301 -0.0374399 -0.00964708 0.999951 0.00199475 0.478479 -0.0260097 -0.0022451 0.999659 -0.712929 
33 0.999299 0.0115607 0.0356123 -0.0442264 -0.0113534 0.999917 -0.00601924 0.514833 -0.0356789 0.0056107 0.999348 -0.745085 
35 0.999176 0.018462 0.0361386 -0.0402554 -0.0185029 0.999828 0.000799342 0.537688 -0.0361177 -0.00146735 0.999346 -0.786318 
38 0.999533 0.00326973 0.0303812 -0.0400903 -0.00351204 0.999962 0.00792597 0.566375 -0.0303542 -0.00802897 0.999507 -0.852156 
41 0.999256 0.0175396 0.0343577 -0.0276073 -0.0181652 0.999673 0.017983 0.597408 -0.034031 -0.0185937 0.999248 -0.921805 
43 0.999382 0.0288554 0.0200559 -0.00240217 -0.0293101 0.999311 0.0227632 0.620989 -0.0193853 -0.023337 0.99954 -0.968276 
45 0.999473 0.0272774 0.0175945 0.00378164 -0.0273846 0.999608 0.00587957 0.663833 -0.0174272 -0.00635829 0.999828 -0.99738 
47 0.999505 0.0307876 0.0065244 0.0204553 -0.0307782 0.999525 -0.00153146 0.699085 -0.00656845 0.00132989 0.999978 -1.03114 
49 0.999156 0.0410866 7.03891e-05 0.0362484 -0.0410837 0.999103 -0.0102965 0.734877 -0.000493374 0.0102849 0.999947 -1.06203 
52 0.99853 0.0536313 -0.00784972 0.0564778 -0.0537587 0.998409 -0.0170292 0.780787 0.00692393 0.0174262 0.999824 -1.11342 
55 0.997822 0.0659448 -0.00159776 0.0606493 -0.0659627 0.997669 -0.0174525 0.818633 0.000443129 0.0175199 0.999846 -1.17479 
57 0.997871 0.0651646 0.00250238 0.0542097 -0.0651326 0.997813 -0.0112427 0.838102 -0.00322953 0.0110557 0.999934 -1.22568 
59 0.997582 0.0682034 0.0133549 0.0409877 -0.0682729 0.997655 0.00481332 0.847666 -0.0129953 -0.00571346 0.999899 -1.28843 
61 0.996978 0.0704598 0.0327138 0.0147344 -0.0710619 0.997316 0.0176211 0.862116 -0.0313844 -0.0198925 0.999309 -1.35017 
63 0.996233 0.0817038 0.0290695 0.0264188 -0.0825289 0.996184 0.0284149 0.877925 -0.026637 -0.0307069 0.999173 -1.40978 
65 0.99774 0.0341908 0.0578399 -0.0604676 -0.0358693 0.998958 0.0282352 0.906201 -0.0568142 -0.0302461 0.997927 -1.44998 
67 0.997198 0.0372474 0.0648683 -0.0717219 -0.0383829 0.999129 0.0163468 0.955784 -0.064203 -0.0187908 0.99776 -1.48095 
69 0.997868 0.0348532 0.0551875 -0.0630487 -0.0350858 0.999379 0.00325174 1.0056 -0.0550399 -0.00518111 0.998471 -1.50982 
71 0.997671 0.0293306 0.0615829 -0.0809398 -0.0288766 0.999549 -0.00824895 1.05126 -0.0617971 0.00645143 0.998068 -1.5338 
74 0.997937 0.0303833 0.056553 -0.0768582 -0.029882 0.999506 -0.00969023 1.09424 -0.0568195 0.00798033 0.998353 -1.58932 
76 0.998451 0.0310892 0.0461333 -0.0608758 -0.0310432 0.999517 -0.00171265 1.10534 -0.0461642 0.000277878 0.998934 -1.64017 
79 0.998887 0.027584 0.038248 -0.0497946 -0.0281088 0.999517 0.013251 1.11503 -0.037864 -0.0143114 0.99918 -1.7216 
81 0.998709 0.0338457 0.0378872 -0.0391215 -0.0345174 0.999256 0.0172185 1.132 -0.0372763 -0.0185041 0.999134 -1.77253 
83 0.999614 0.0230636 0.0154592 -0.00987183 -0.0234725 0.999365 0.0268113 1.13833 -0.0148311 -0.0271638 0.999521 -1.83329 
86 0.999318 0.0369329 -0.000667366 0.0407082 -0.0369137 0.999139 0.0189217 1.19642 0.00136562 -0.0188841 0.999821 -1.89338 
88 0.998357 0.0564389 -0.00990896 0.0844775 -0.056382 0.998392 0.00593846 1.24994 0.0102282 -0.00537001 0.999933 -1.91939 
90 0.99806 0.0611064 -0.0119251 0.0957675 -0.0611312 0.998128 -0.00172205 1.29246 0.0117975 0.0024477 0.999927 -1.94886 
92 0.997511 0.0686074 -0.0162982 0.114267 -0.0686562 0.997637 -0.00245335 1.32162 0.0160914 0.00356621 0.999864 -1.98935 
95 0.997395 0.0717744 -0.00716794 0.100012 -0.0717699 0.997421 0.000885202 1.35378 0.00721299 -0.000368454 0.999974 -2.06036 
97 0.997942 0.0641171 -0.000731381 0.0744068 -0.0641088 0.997908 0.00830447 1.36354 0.00126231 -0.0082405 0.999965 -2.11925 
99 0.997634 0.068651 0.00379919 0.0662592 -0.068703 0.997511 0.0158752 1.37456 -0.00269988 -0.0160986 0.999867 -2.17774 
101 0.998084 0.0608433 0.011229 0.0322409 -0.0610133 0.998017 0.015476 1.40378 -0.0102651 -0.0161315 0.999817 -2.22242 
103 0.998683 0.0477351 0.0187829 -0.00871322 -0.0480924 0.998661 0.0190543 1.42808 -0.0178482 -0.0199325 0.999642 -2.26919 
105 0.998273 0.0511052 0.0289683 -0.0276022 -0.0513036 0.998664 0.00614884 1.49098 -0.0286153 -0.0076244 0.999561 -2.29062 
107 0.998155 0.0412817 0.044535 -0.0762047 -0.0409687 0.999129 -0.00791707 1.55156 -0.0448231 0.00607791 0.998976 -2.30433 
110 0.998045 0.026588 0.056563 -0.123688 -0.0256609 0.999525 -0.0170532 1.61362 -0.0569896 0.0155684 0.998253 -2.34328 
112 0.997783 0.0305751 0.0591127 -0.120722 -0.0297344 0.999445 -0.0150491 1.63464 -0.05954 0.013258 0.998138 -2.38716 
115 0.997764 0.0214826 0.0632924 -0.14097 -0.0214662 0.999769 -0.000938653 1.6324 -0.063298 -0.000422094 0.997995 -2.47594 
118 0.997883 0.0307548 0.057306 -0.104201 -0.0311147 0.999501 0.00539988 1.65303 -0.0571114 -0.00717151 0.998342 -2.56079 
120 0.998713 0.0188384 0.0470811 -0.0924696 -0.0184502 0.999792 -0.0086653 1.70997 -0.0472345 0.00778549 0.998853 -2.58688 
122 0.999881 0.000280215 0.015403 -0.0373722 -0.000102404 0.999933 -0.0115435 1.74671 -0.0154052 0.0115406 0.999815 -2.62804 
124 0.999438 0.0255949 0.0216569 -0.00735719 -0.0248373 0.999094 -0.034554 1.84156 -0.0225217 0.0339967 0.999168 -2.62398 
126 0.99962 0.0257745 0.00972609 0.0263853 -0.0253149 0.998678 -0.0447455 1.90069 -0.0108665 0.0444823 0.998951 -2.64056 
128 0.999646 0.0262563 -0.00418283 0.0645433 -0.0264085 0.998774 -0.0418607 1.92569 0.00307859 0.0419563 0.999115 -2.6823 
130 0.999125 0.0417491 0.00232053 0.0740905 -0.0416328 0.998428 -0.037523 1.94509 -0.00388343 0.0373936 0.999293 -2.72805 
133 0.999399 0.0345457 0.00295335 0.0556398 -0.0344341 0.998898 -0.0318904 1.9672 -0.00405177 0.0317695 0.999487 -2.80283 
135 0.999412 0.0339026 0.00512399 0.043173 -0.0337218 0.998919 -0.0320071 1.99206 -0.00620357 0.0318155 0.999475 -2.85245 
137 0.999475 0.0298386 0.0126401 0.00707257 -0.0295039 0.999229 -0.0258831 2.0022 -0.0134027 0.0254966 0.999585 -2.91737 
139 0.999346 0.0310578 0.0185006 -0.0146218 -0.0307071 0.999349 -0.0189503 2.01361 -0.0190771 0.0183699 0.999649 -2.98541 
141 0.99921 0.0121576 0.0378232 -0.115931 -0.0112111 0.999621 -0.0251344 2.06571 -0.0381144 0.0246905 0.998968 -3.01694 
143 0.998835 -0.000821876 0.0482521 -0.180771 0.00234449 0.999501 -0.0315074 2.12285 -0.0482021 0.0315838 0.998338 -3.04502 
145 0.998669 0.00788426 0.0509767 -0.176506 -0.0054067 0.998806 -0.0485582 2.21372 -0.0512987 0.048218 0.997519 -3.0492 
147 0.997564 -0.000655857 0.0697536 -0.256517 0.00486297 0.998177 -0.0601613 2.28338 -0.069587 0.0603539 0.995748 -3.05335 
149 0.997477 -0.00765671 0.0705759 -0.278425 0.0119182 0.998118 -0.0601592 2.31785 -0.0699825 0.0608486 0.995691 -3.09031 
151 0.996877 0.00475418 0.07883 -0.282315 -0.000202063 0.998337 -0.0576538 2.34531 -0.078973 0.0574578 0.99522 -3.13574 
153 0.996509 0.00531794 0.08331 -0.298031 -0.000845558 0.998561 -0.0536272 2.36282 -0.0834753 0.0533695 0.99508 -3.1874 
155 0.996097 0.00108662 0.0882603 -0.324022 0.00324175 0.998799 -0.0488828 2.3765 -0.0882075 0.0489781 0.994897 -3.24538 
157 0.995706 0.0019062 0.0925505 -0.334894 0.00206014 0.999084 -0.0427415 2.38695 -0.0925472 0.0427486 0.99479 -3.31136 
159 0.996136 0.0110933 0.0871159 -0.293903 -0.00666853 0.99868 -0.0509196 2.44824 -0.0875658 0.050142 0.994896 -3.34806 
161 0.996522 -0.0105851 0.0826497 -0.327133 0.0153047 0.998275 -0.0566799 2.49961 -0.0819072 0.0577477 0.994966 -3.37991 
163 0.996824 -0.0033892 0.0795696 -0.300447 0.0088242 0.997643 -0.0680531 2.57821 -0.0791514 0.0685391 0.994504 -3.39623 
165 0.996653 0.00436692 0.0816322 -0.291599 0.00234772 0.996631 -0.0819783 2.66443 -0.0817152 0.0818955 0.993285 -3.39922 
167 0.996669 0.00203772 0.0815242 -0.298708 0.00507565 0.9962 -0.0869523 2.71772 -0.0813915 0.0870765 0.992871 -3.4251 
171 0.995286 0.0103833 0.0964279 -0.338989 -0.00180231 0.996061 -0.0886527 2.79322 -0.0969686 0.088061 0.991384 -3.50141 
173 0.994244 0.00340648 0.107081 -0.401746 0.00598311 0.996169 -0.0872433 2.81976 -0.106968 0.0873819 0.990415 -3.54689 
175 0.993341 -0.00422255 0.115131 -0.459591 0.0131703 0.996939 -0.0770689 2.81642 -0.114453 0.078072 0.990356 -3.61856 
177 0.990956 0.000297545 0.134185 -0.531537 0.00961421 0.99727 -0.0732122 2.839 -0.133841 0.0738402 0.988248 -3.66724 
179 0.990338 -0.0357645 0.133985 -0.634238 0.0436867 0.997437 -0.0566606 2.80984 -0.131615 0.0619665 0.989362 -3.74666 
181 0.988642 -0.0442976 0.143612 -0.704894 0.0527159 0.997074 -0.0553513 2.84321 -0.14074 0.0622933 0.988085 -3.78057 
185 0.985889 -0.0642625 0.154572 -0.817707 0.0754421 0.994858 -0.067577 2.95726 -0.149435 0.0782847 0.985668 -3.80522 
187 0.984538 -0.059802 0.164648 -0.853601 0.0728829 0.994548 -0.074583 3.01884 -0.15929 0.0854298 0.983529 -3.81628 
189 0.98447 -0.0608025 0.16469 -0.863029 0.0741579 0.994331 -0.0761943 3.05492 -0.159123 0.0872241 0.983398 -3.85563 
193 0.987236 -0.0447679 0.15284 -0.779421 0.0561124 0.995916 -0.0707357 3.0951 -0.149049 0.0784091 0.985716 -3.99205 
204 1 0.000179398 2.08299e-05 -0.000166944 -0.0001794 1 9.92787e-05 -0.000641641 -2.08121e-05 -9.92824e-05 1 0.000376004 
211 0.999887 -0.0150499 -0.000360415 0.000316603 0.0150378 0.999627 -0.0228172 0.0889922 0.000703677 0.0228092 0.99974 -0.0621429 
213 0.999725 -0.0234395 0.000327143 -0.0010845 0.023441 0.999707 -0.00596695 0.100253 -0.000187185 0.00597297 0.999982 -0.0932621 
215 0.999254 -0.0380929 0.00629547 -0.0177626 0.0380665 0.999266 0.00425871 0.12792 -0.00645308 -0.00401589 0.999971 -0.142857 
217 0.998344 -0.0523155 0.023926 -0.0375058 0.0519954 0.998552 0.0138107 0.155494 -0.0246138 -0.0125438 0.999618 -0.190575 
219 0.997605 -0.0564541 0.0399715 -0.0581779 0.0557255 0.998263 0.0191138 0.18845 -0.0409812 -0.0168406 0.999018 -0.238424 
221 0.99643 -0.0651228 0.0537201 -0.0795572 0.0644211 0.997815 0.0146929 0.225029 -0.0545596 -0.0111797 0.998448 -0.276916 
223 0.996485 -0.0639331 0.0541373 -0.0940834 0.0638311 0.997954 0.00361203 0.266288 -0.0542574 -0.000143693 0.998527 -0.310811 
225 0.994553 -0.0751534 0.0722237 -0.113855 0.0761422 0.997036 -0.0110327 0.303907 -0.0711805 0.0164719 0.997327 -0.335062 
227 0.993772 -0.0864572 0.0703005 -0.126505 0.087741 0.996025 -0.0153789 0.336014 -0.0686914 0.0214514 0.997407 -0.364517 
229 0.993352 -0.0825072 0.0802829 -0.136804 0.0837361 0.996415 -0.012057 0.367765 -0.0790003 0.0186994 0.996699 -0.394742 
231 0.993837 -0.074767 0.0818362 -0.140849 0.0755371 0.997123 -0.00635043 0.395404 -0.081126 0.012493 0.996626 -0.430708 
233 0.993749 -0.0732874 0.0842125 -0.146545 0.0740077 0.997243 -0.00545913 0.422137 -0.0835802 0.0116574 0.996433 -0.465995 
235 0.992991 -0.0827598 0.0843832 -0.153891 0.0833549 0.996514 -0.00354761 0.44692 -0.0837954 0.0105565 0.996427 -0.507436 
237 0.993465 -0.0834864 0.0778343 -0.151351 0.0834333 0.996506 0.00393875 0.472151 -0.0778911 0.00258096 0.996959 -0.557451 
239 0.993125 -0.0799709 0.0854869 -0.152018 0.0788338 0.99675 0.0166013 0.497714 -0.0865367 -0.00974793 0.996201 -0.60866 
241 0.995803 -0.0613862 0.0678882 -0.12982 0.0605188 0.998058 0.0147628 0.53672 -0.0686626 -0.0105923 0.997584 -0.657767 
243 0.995916 -0.0657927 0.0618328 -0.125973 0.065331 0.997819 0.0094625 0.574269 -0.0623204 -0.00538426 0.998042 -0.697558 
245 0.996833 -0.0511777 0.0608668 -0.113725 0.0513289 0.998681 -0.000921189 0.620645 -0.0607394 0.0040425 0.998145 -0.729427 
247 0.997376 -0.0392827 0.060805 -0.102569 0.0401175 0.999116 -0.0125693 0.668346 -0.0602575 0.0149756 0.998071 -0.755739 
249 0.996929 -0.0429195 0.0655074 -0.105014 0.0440501 0.998903 -0.0159133 0.705412 -0.0647525 0.01875 0.997725 -0.786955 
251 0.996426 -0.0472872 0.0699906 -0.10969 0.0481647 0.99878 -0.0109019 0.735419 -0.0693897 0.014234 0.997488 -0.8261 
253 0.995002 -0.0502483 0.0862932 -0.124468 0.0509317 0.998686 -0.00573504 0.764383 -0.0858916 0.0101014 0.996253 -0.865283 
255 0.993667 -0.0648512 0.091762 -0.143236 0.0644674 0.997894 0.00714356 0.783717 -0.0920321 -0.00118266 0.995755 -0.916639 
257 0.991778 -0.0818861 0.0983425 -0.169176 0.0802175 0.99656 0.0208105 0.802105 -0.0997083 -0.0127506 0.994935 -0.970968 
259 0.988053 -0.0860387 0.127863 -0.210867 0.0827449 0.996093 0.0308625 0.827209 -0.130019 -0.0199137 0.991312 -1.01841 
261 0.988938 -0.0861859 0.120718 -0.215884 0.081852 0.995824 0.040421 0.854189 -0.123697 -0.0300929 0.991864 -1.07858 
263 0.981995 -0.119654 0.146179 -0.287215 0.114774 0.992528 0.0414011 0.883464 -0.15004 -0.0238781 0.988391 -1.1114 
264 0.983712 -0.116236 0.137111 -0.282208 0.111917 0.992959 0.0388264 0.905552 -0.140659 -0.0228489 0.989794 -1.13562 
266 0.984603 -0.114943 0.131699 -0.28701 0.113025 0.993349 0.0219671 0.961747 -0.133348 -0.00674356 0.991046 -1.16337 
268 0.983693 -0.122599 0.131595 -0.304047 0.123056 0.992389 0.00467963 1.01439 -0.131167 0.0115903 0.991292 -1.18449 
270 0.982476 -0.131912 0.131679 -0.321278 0.132789 0.991142 0.00213511 1.0502 -0.130794 0.0153878 0.99129 -1.21848 
272 0.9813 -0.135151 0.137054 -0.337674 0.135903 0.990714 0.00389324 1.0786 -0.136307 0.0148056 0.990556 -1.25657 
274 0.979378 -0.140964 0.144733 -0.359013 0.141114 0.98995 0.0092831 1.09968 -0.144587 0.0113322 0.989427 -1.29991 
276 0.977438 -0.150073 0.14864 -0.379359 0.148764 0.988671 0.0199515 1.11317 -0.14995 0.0026109 0.98869 -1.35418 
278 0.976362 -0.149534 0.156069 -0.393241 0.147663 0.988757 0.0235849 1.14059 -0.157841 1.82452e-05 0.987465 -1.40408 
280 0.9751 -0.153649 0.159914 -0.407342 0.15284 0.988097 0.0174212 1.18074 -0.160688 0.00745382 0.986977 -1.44275 
282 0.970534 -0.185774 0.153466 -0.440568 0.185032 0.982544 0.0192289 1.20246 -0.154359 0.00973379 0.987967 -1.48705 
284 0.970826 -0.173383 0.165634 -0.447842 0.175458 0.984485 0.00213557 1.27037 -0.163435 0.0269885 0.986185 -1.50096 
286 0.973486 -0.157955 0.165455 -0.433205 0.162365 0.98664 -0.0133904 1.33711 -0.161129 0.0398995 0.986126 -1.519 
288 0.972837 -0.161996 0.165365 -0.444343 0.168047 0.985506 -0.0231874 1.38874 -0.159212 0.0503466 0.98596 -1.53729 
290 0.970137 -0.168278 0.174689 -0.474333 0.175301 0.984185 -0.0254694 1.42782 -0.167641 0.055332 0.984294 -1.56014 
292 0.966614 -0.181858 0.180512 -0.510599 0.186978 0.982295 -0.0116188 1.43703 -0.175203 0.0449826 0.983504 -1.60947 
294 0.962523 -0.193722 0.189793 -0.553208 0.196965 0.980409 0.00180816 1.444 -0.186425 0.0356421 0.981822 -1.66155 
296 0.955772 -0.213072 0.202731 -0.616272 0.2157 0.976415 0.00930479 1.45572 -0.199933 0.0348359 0.97919 -1.70348 
298 0.946925 -0.232801 0.221667 -0.695102 0.235735 0.971724 0.01351 1.47275 -0.218544 0.0394617 0.975029 -1.73857 
300 0.94166 -0.240551 0.235395 -0.750105 0.244841 0.969498 0.0112861 1.50822 -0.23093 0.0470067 0.971834 -1.77197 
302 0.929673 -0.269137 0.251541 -0.843607 0.275189 0.961321 0.0114926 1.52958 -0.244905 0.0585369 0.967778 -1.78996 
304 0.916767 -0.296613 0.267504 -0.937569 0.305094 0.952267 0.0102982 1.55625 -0.257789 0.0721727 0.963502 -1.79993 
306 0.914606 -0.289816 0.281963 -0.969983 0.304268 0.952554 -0.00787456 1.63305 -0.266302 0.0929943 0.959393 -1.79358 
308 0.9091 -0.294916 0.294213 -1.01444 0.313128 0.949581 -0.0156973 1.68217 -0.27475 0.106397 0.955611 -1.79377 
310 0.900075 -0.29734 0.318519 -1.07854 0.320536 0.946987 -0.0217545 1.72746 -0.295165 0.121678 0.947667 -1.78154 
312 0.897209 -0.302445 0.321783 -1.1048 0.324847 0.945614 -0.0169671 1.75014 -0.299151 0.119753 0.946662 -1.8181 
314 0.896272 -0.300972 0.325749 -1.11872 0.322521 0.946474 -0.0129049 1.77606 -0.304429 0.116627 0.945368 -1.85926 
316 0.894 -0.302284 0.33074 -1.139 0.322147 0.946673 -0.00554753 1.79194 -0.311426 0.111506 0.943706 -1.90709 
318 0.890377 -0.307462 0.335702 -1.16521 0.324998 0.945706 0.00416556 1.80205 -0.318756 0.105394 0.941959 -1.95974 
320 0.891157 -0.302184 0.338413 -1.16622 0.318286 0.947958 0.00831906 1.83164 -0.323315 0.100299 0.940961 -2.01669 
322 0.891428 -0.302964 0.337 -1.16783 0.321953 0.946755 -0.000492302 1.88685 -0.318908 0.108937 0.941504 -2.04896 
324 0.888355 -0.320029 0.329253 -1.18618 0.339518 0.940598 -0.0018048 1.91945 -0.309117 0.113391 0.94424 -2.08788 
326 0.891009 -0.30699 0.334454 -1.17458 0.330555 0.943676 -0.0144382 1.99706 -0.311184 0.12342 0.942301 -2.10108 
328 0.890699 -0.299518 0.341972 -1.17986 0.326236 0.945032 -0.0220006 2.06015 -0.316585 0.13116 0.939453 -2.1118 
330 0.887131 -0.302747 0.348342 -1.2052 0.329015 0.944166 -0.0173284 2.08939 -0.323647 0.129983 0.937207 -2.14257 
332 0.882981 -0.303169 0.358377 -1.23524 0.329736 0.943972 -0.0138615 2.12268 -0.334095 0.130409 0.933474 -2.17012 
334 0.878566 -0.30804 0.365012 -1.26815 0.331247 0.943543 -0.00102277 2.12955 -0.34409 0.121808 0.931002 -2.22385 
336 0.868832 -0.319396 0.378308 -1.33725 0.339084 0.94063 0.0154026 2.12208 -0.360767 0.114896 0.925552 -2.27244 
338 0.862333 -0.3275 0.386168 -1.38887 0.341894 0.939159 0.0330119 2.11201 -0.373484 0.103561 0.921838 -2.33762 
340 0.857472 -0.328643 0.395899 -1.4322 0.339788 0.939475 0.0439321 2.12184 -0.386376 0.0968515 0.917242 -2.39211 
342 0.83941 -0.358505 0.40849 -1.55497 0.363952 0.928975 0.0674117 2.08031 -0.403645 0.0920847 0.91027 -2.43261 
344 0.840634 -0.363629 0.401383 -1.56108 0.370084 0.926756 0.0645037 2.12523 -0.39544 0.0943213 0.913636 -2.47438 
346 0.834692 -0.376174 0.402221 -1.60602 0.387798 0.920059 0.055717 2.1785 -0.391027 0.109474 0.913846 -2.47327 
348 0.82229 -0.394185 0.410436 -1.68517 0.407878 0.911195 0.0579503 2.19664 -0.39683 0.119756 0.910046 -2.47113 
350 0.818491 -0.388922 0.422861 -1.71867 0.402631 0.913347 0.0607076 2.22928 -0.40983 0.120568 0.904159 -2.49113 
352 0.816806 -0.386061 0.428703 -1.73556 0.397233 0.915242 0.0673578 2.24526 -0.418371 0.115277 0.900931 -2.53389 
354 0.80819 -0.390751 0.440615 -1.79082 0.401212 0.91301 0.0737702 2.25229 -0.431112 0.11716 0.89466 -2.55486 
356 0.80174 -0.403305 0.441087 -1.83201 0.407483 0.908743 0.0902436 2.2272 -0.43723 0.107383 0.892916 -2.61905 
358 0.803816 -0.388601 0.450411 -1.82606 0.392764 0.915343 0.0887933 2.27425 -0.446785 0.105531 0.888395 -2.65929 
360 0.811417 -0.370449 0.452073 -1.78327 0.378034 0.922546 0.0774495 2.35296 -0.445749 0.108055 0.888612 -2.69638 
362 0.80037 -0.401039 0.445618 -1.8509 0.404193 0.909939 0.092942 2.32198 -0.442759 0.105728 0.890386 -2.74718 
364 0.79882 -0.387413 0.460214 -1.86513 0.394511 0.914913 0.0854064 2.39077 -0.454144 0.113335 0.88369 -2.75083 
366 0.807592 -0.369616 0.459543 -1.81568 0.378297 0.922465 0.0771376 2.46377 -0.452423 0.111548 0.8848 -2.79222 
368 0.798424 -0.371739 0.473633 -1.87748 0.386137 0.919711 0.0709215 2.51488 -0.46197 0.126262 0.877862 -2.76954 
370 0.794877 -0.374293 0.477572 -1.91011 0.391237 0.917766 0.0681099 2.5568 -0.463792 0.132705 0.875949 -2.78495 
372 0.792601 -0.374856 0.480902 -1.93568 0.390336 0.917844 0.0721114 2.57743 -0.468424 0.130558 0.873804 -2.82692 
374 0.775198 -0.390578 0.496505 -2.0557 0.401696 0.911364 0.0897573 2.54402 -0.487554 0.129864 0.863381 -2.85005 
376 0.761791 -0.403588 0.506746 -2.15359 0.404565 0.907321 0.114437 2.4896 -0.505967 0.117835 0.854466 -2.91324 
378 0.755621 -0.394835 0.52263 -2.20603 0.395248 0.911109 0.116871 2.51943 -0.522318 0.118258 0.844511 -2.93619 
380 0.735132 -0.42178 0.530737 -2.34818 0.418458 0.898261 0.134241 2.47403 -0.53336 0.123406 0.836838 -2.94831 
382 0.721782 -0.446283 0.52902 -2.44721 0.437741 0.88641 0.150536 2.43327 -0.53611 0.122919 0.835151 -2.98893 
384 0.714769 -0.446101 0.538609 -2.50662 0.449348 0.883083 0.135098 2.51994 -0.535904 0.145459 0.831654 -2.94973 
386 0.708518 -0.45046 0.54322 -2.55907 0.46308 0.877631 0.123776 2.58618 -0.532503 0.163857 0.830416 -2.92309 
388 0.701632 -0.451774 0.551011 -2.61183 0.473759 0.873396 0.112835 2.65131 -0.532227 0.181878 0.826834 -2.89069 
390 0.698268 -0.450529 0.556279 -2.64383 0.475665 0.872751 0.109761 2.69139 -0.534943 0.18796 0.823715 -2.8967 
392 0.691186 -0.446932 0.567903 -2.69437 0.475317 0.873086 0.108605 2.72371 -0.544367 0.194868 0.815899 -2.89111 
394 0.686922 -0.449476 0.57106 -2.73164 0.473045 0.873077 0.11817 2.71514 -0.551694 0.188964 0.812359 -2.94359 
396 0.687411 -0.448705 0.571078 -2.74163 0.465449 0.875791 0.127859 2.70873 -0.557516 0.177916 0.810877 -3.02008 
398 0.682789 -0.448218 0.576975 -2.78015 0.464447 0.875888 0.130802 2.72772 -0.563993 0.178663 0.80622 -3.05081 
400 0.676625 -0.477688 0.560351 -2.8318 0.476154 0.864335 0.161872 2.61865 -0.561655 0.157287 0.812284 -3.18255 
402 0.669481 -0.479139 0.567646 -2.88741 0.47753 0.862946 0.165197 2.63845 -0.569 0.160471 0.806528 -3.19824 
404 0.672514 -0.466345 0.574671 -2.8848 0.477224 0.866754 0.144894 2.76281 -0.565669 0.176804 0.805456 -3.17366 
406 0.662233 -0.473043 0.5811 -2.9571 0.493895 0.858782 0.136237 2.82363 -0.563485 0.196782 0.802348 -3.1289 
408 0.653538 -0.477827 0.587 -3.02157 0.505719 0.852686 0.131055 2.87284 -0.563148 0.211208 0.798909 -3.10661 
410 0.643945 -0.486763 0.590252 -3.09022 0.511954 0.847469 0.140356 2.8593 -0.56854 0.2118 0.794923 -3.13444 
412 0.622053 -0.496431 0.60548 -3.22619 0.520853 0.83975 0.153398 2.82279 -0.584604 0.219945 0.780937 -3.11391 
414 0.602075 -0.51142 0.613153 -3.35142 0.526819 0.831505 0.176243 2.74057 -0.599973 0.216909 0.770054 -3.14473 
416 0.56785 -0.520742 0.637475 -3.54572 0.535626 0.821821 0.194206 2.67782 -0.625021 0.231169 0.745594 -3.07253 
418 0.551111 -0.525723 0.647991 -3.64902 0.540071 0.816702 0.203275 2.66123 -0.636082 0.237934 0.734021 -3.05866 
420 0.53454 -0.537892 0.651874 -3.74891 0.555202 0.805028 0.208998 2.64942 -0.637195 0.250204 0.728958 -3.03411 
422 0.516815 -0.547927 0.657783 -3.84758 0.573876 0.791891 0.208747 2.66005 -0.63527 0.269603 0.723703 -2.97123 
424 0.501085 -0.549482 0.668568 -3.93452 0.585528 0.784141 0.205623 2.6948 -0.637237 0.288431 0.714658 -2.8974 
426 0.485139 -0.546235 0.682838 -4.01741 0.591144 0.78029 0.204199 2.72584 -0.644352 0.304591 0.701452 -2.82307 
428 0.485108 -0.550268 0.679614 -4.02955 0.588407 0.780329 0.211811 2.71701 -0.646875 0.297138 0.702325 -2.88779 
430 0.48719 -0.54316 0.68383 -4.02766 0.583584 0.785024 0.207767 2.76845 -0.649673 0.29785 0.699435 -2.91058 
432 0.485578 -0.543386 0.684796 -4.04106 0.583561 0.784741 0.208899 2.78476 -0.6509 0.298183 0.698152 -2.94025 
434 0.48438 -0.546676 0.683023 -4.05168 0.580949 0.784732 0.216089 2.77482 -0.654121 0.292133 0.6977 -3.00267 
436 0.486607 -0.53468 0.690891 -4.0416 0.566658 0.795081 0.216206 2.81724 -0.664915 0.286292 0.689873 -3.04608 
438 0.500862 -0.529965 0.684306 -3.97255 0.552347 0.804413 0.218705 2.84794 -0.666371 0.268433 0.695624 -3.17758 
440 0.503312 -0.524288 0.686876 -3.95869 0.545979 0.809076 0.217494 2.89182 -0.669765 0.265552 0.693468 -3.22192 
442 0.516742 -0.519889 0.680216 -3.88947 0.541332 0.81394 0.210858 2.96424 -0.663278 0.259264 0.702029 -3.30701 
444 0.544106 -0.495652 0.676962 -3.73742 0.527508 0.829524 0.183372 3.15119 -0.652445 0.257329 0.712809 -3.37748 
446 0.556733 -0.485632 0.673952 -3.66504 0.526178 0.833961 0.166269 3.27235 -0.642795 0.262051 0.719822 -3.40611 
448 0.562857 -0.490565 0.665236 -3.63406 0.530803 0.831469 0.164036 3.3135 -0.633593 0.26078 0.728391 -3.46543 
450 0.567449 -0.4873 0.663733 -3.6094 0.527517 0.834078 0.16137 3.36014 -0.63224 0.258561 0.730355 -3.51497 
452 0.562209 -0.500215 0.658563 -3.64613 0.532721 0.828157 0.174252 3.31919 -0.632557 0.252865 0.732073 -3.5824 
454 0.552907 -0.506081 0.661949 -3.70561 0.534395 0.824898 0.184295 3.29382 -0.639309 0.251844 0.726539 -3.61617 
456 0.541811 -0.511566 0.666889 -3.77742 0.53339 0.822474 0.197564 3.25224 -0.649566 0.24867 0.71849 -3.65732 
458 0.545111 -0.504797 0.669353 -3.76483 0.526898 0.8273 0.194816 3.30141 -0.652098 0.246485 0.716947 -3.70991 
460 0.536211 -0.511339 0.671573 -3.82671 0.535104 0.821243 0.19805 3.31055 -0.652795 0.253164 0.713979 -3.71397 
462 0.513933 -0.538721 0.667572 -3.96874 0.560943 0.799823 0.213602 3.24368 -0.649012 0.264693 0.713247 -3.69706 
464 0.509613 -0.538488 0.671063 -4.00312 0.576896 0.792499 0.197831 3.35796 -0.638346 0.286316 0.714519 -3.63265 
466 0.506463 -0.543457 0.669439 -4.02849 0.587843 0.785607 0.193032 3.41061 -0.630821 0.295761 0.717349 -3.62433 
468 0.485127 -0.549467 0.680248 -4.15551 0.602319 0.773924 0.195582 3.41729 -0.633927 0.314844 0.706406 -3.53523 
470 0.4826 -0.554314 0.67811 -4.17548 0.603667 0.771478 0.201017 3.41469 -0.634574 0.312342 0.706936 -3.58049 
472 0.477465 -0.561199 0.676079 -4.20936 0.603661 0.768621 0.211695 3.38084 -0.638452 0.307045 0.705764 -3.63733 
474 0.463487 -0.572114 0.676658 -4.29156 0.608622 0.760547 0.226158 3.31925 -0.644018 0.307008 0.700705 -3.662 
476 0.452977 -0.584432 0.673239 -4.35377 0.613688 0.752174 0.240045 3.2613 -0.646682 0.304424 0.699377 -3.71212 
478 0.447269 -0.585488 0.676132 -4.38853 0.612662 0.751312 0.245307 3.26138 -0.65161 0.304522 0.694745 -3.74508 
480 0.443856 -0.584708 0.679049 -4.41108 0.617504 0.748716 0.241069 3.31737 -0.64937 0.312315 0.693382 -3.7462 
482 0.429499 -0.5955 0.678904 -4.49267 0.632649 0.734876 0.24436 3.32016 -0.644427 0.324556 0.692371 -3.72144 
484 0.426455 -0.595444 0.680869 -4.51697 0.636314 0.732479 0.242031 3.37109 -0.642838 0.330031 0.691258 -3.72694 
486 0.440566 -0.58358 0.682156 -4.44498 0.632523 0.741013 0.225421 3.51442 -0.637037 0.332166 0.695593 -3.75619 
488 0.436516 -0.575311 0.691717 -4.47478 0.638228 0.739902 0.212626 3.62407 -0.634129 0.348658 0.690158 -3.68525 
490 0.433262 -0.582234 0.687959 -4.49929 0.639158 0.736661 0.220924 3.60776 -0.635422 0.343996 0.691307 -3.74351 
492 0.421946 -0.580746 0.6962 -4.57314 0.638838 0.735333 0.226209 3.60997 -0.643309 0.349311 0.681274 -3.72622 
494 0.412433 -0.581234 0.701474 -4.63673 0.638187 0.733833 0.232823 3.59948 -0.65009 0.351648 0.673593 -3.73193 
496 0.398353 -0.589833 0.702433 -4.72871 0.641078 0.726747 0.246692 3.54038 -0.655999 0.352044 0.667631 -3.75629 
498 0.380998 -0.590092 0.711781 -4.84079 0.639338 0.72427 0.258224 3.49968 -0.667898 0.356686 0.653214 -3.73977 
500 0.357584 -0.592447 0.7219 -4.98656 0.640246 0.718275 0.272334 3.44076 -0.679866 0.364812 0.636156 -3.69745 
502 0.347628 -0.599949 0.720566 -5.05852 0.63944 0.713753 0.285786 3.38483 -0.685764 0.361412 0.631752 -3.74656 
503 0.321278 -0.608005 0.726024 -5.2067 0.646274 0.701153 0.30119 3.29102 -0.692178 0.372444 0.618203 -3.66841 
505 0.307632 -0.611964 0.728603 -5.2967 0.655646 0.691266 0.303776 3.30091 -0.689558 0.384255 0.613887 -3.62538 
507 0.301385 -0.611891 0.73127 -5.34646 0.671824 0.680501 0.292525 3.39556 -0.676624 0.403122 0.616176 -3.55354 
509 0.284803 -0.619718 0.731325 -5.4463 0.691333 0.661285 0.291138 3.4142 -0.664038 0.422672 0.616767 -3.469 
511 0.275482 -0.6156 0.73834 -5.51041 0.700379 0.654628 0.284485 3.48362 -0.658467 0.438747 0.611491 -3.39068 
513 0.27044 -0.612848 0.742482 -5.54986 0.700088 0.654585 0.285299 3.50964 -0.660863 0.442646 0.606073 -3.38894 
515 0.256292 -0.615121 0.745614 -5.63403 0.7033 0.647836 0.292708 3.4825 -0.663086 0.449372 0.59865 -3.3677 
517 0.240696 -0.625305 0.742333 -5.72319 0.699434 0.642016 0.314017 3.36456 -0.672947 0.443631 0.591891 -3.43083 
519 0.222988 -0.625314 0.747836 -5.82386 0.693248 0.641059 0.329319 3.29355 -0.685335 0.445002 0.576446 -3.42771 
521 0.213133 -0.633172 0.744088 -5.88297 0.695155 0.63343 0.339892 3.24387 -0.686537 0.444815 0.575158 -3.47031 
523 0.186343 -0.65726 0.730264 -6.01726 0.703741 0.607959 0.367606 3.04969 -0.685584 0.445416 0.575829 -3.50949 
525 0.190284 -0.644311 0.740712 -6.01873 0.711074 0.610663 0.348517 3.22803 -0.676879 0.460384 0.574353 -3.44216 
527 0.192408 -0.63094 0.751594 -6.02701 0.720662 0.610696 0.328171 3.40918 -0.666052 0.478503 0.572198 -3.34408 
529 0.189117 -0.627277 0.755486 -6.05965 0.727817 0.606014 0.32098 3.49047 -0.659179 0.489153 0.571151 -3.29734 
531 0.188992 -0.622728 0.75927 -6.07706 0.726415 0.608937 0.318616 3.54661 -0.660759 0.49133 0.567444 -3.30386 
533 0.168184 -0.626259 0.761258 -6.19425 0.724642 0.602095 0.335226 3.45255 -0.668288 0.49526 0.555076 -3.27902 
535 0.144595 -0.628261 0.764448 -6.32441 0.722352 0.595011 0.352377 3.35125 -0.67624 0.501249 0.539861 -3.23296 
537 0.118043 -0.631438 0.766389 -6.46811 0.717754 0.587596 0.373577 3.21754 -0.686218 0.50598 0.522579 -3.19051 
539 0.0735882 -0.640263 0.764623 -6.68723 0.710234 0.57188 0.410514 2.94972 -0.700109 0.512852 0.49682 -3.10664 
540 0.060051 -0.646701 0.760376 -6.7561 0.703989 0.56748 0.427044 2.83229 -0.707668 0.509652 0.489348 -3.12609 
542 0.0134088 -0.659987 0.751158 -6.9668 0.692207 0.54824 0.469342 2.50046 -0.721574 0.513663 0.464199 -3.05523 
544 0.0130518 -0.656227 0.754451 -6.99399 0.696812 0.547104 0.463821 2.57501 -0.717135 0.519656 0.464407 -3.04457 
546 0.00113744 -0.654577 0.755995 -7.06282 0.708523 0.534024 0.461317 2.60319 -0.705686 0.535115 0.46439 -2.95722 
548 -0.0221396 -0.653984 0.756184 -7.17099 0.719804 0.514489 0.46603 2.55981 -0.693825 0.554622 0.45935 -2.81927 
550 -0.0269716 -0.64537 0.763394 -7.21034 0.721484 0.516013 0.461726 2.6259 -0.691905 0.56323 0.451707 -2.75709 
552 -0.0225245 -0.630264 0.776054 -7.21206 0.722074 0.526618 0.448645 2.77602 -0.691449 0.570474 0.443235 -2.70356 
554 -0.0255183 -0.626075 0.779345 -7.23868 0.720823 0.528641 0.448278 2.80542 -0.692649 0.573209 0.437799 -2.69648 
556 -0.0341205 -0.625086 0.77981 -7.28724 0.717153 0.528129 0.454721 2.77593 -0.69608 0.574758 0.430262 -2.69272 
558 -0.0281522 -0.628 0.777704 -7.28103 0.706591 0.537819 0.459869 2.77495 -0.707062 0.562465 0.428598 -2.81837 
560 -0.0362426 -0.627838 0.7775 -7.32967 0.695363 0.542937 0.47084 2.71931 -0.717744 0.557709 0.416898 -2.85358 
562 -0.0403603 -0.648899 0.759803 -7.36018 0.683528 0.536724 0.49469 2.53833 -0.728808 0.539312 0.421878 -3.04874 
564 -0.0379821 -0.643087 0.764851 -7.36898 0.693469 0.53413 0.483534 2.66457 -0.719484 0.548766 0.425673 -3.02232 
565 -0.0320105 -0.652502 0.757111 -7.35037 0.694788 0.530017 0.48616 2.65298 -0.718502 0.541594 0.436384 -3.12991 
567 -0.0103093 -0.636017 0.771606 -7.27818 0.70745 0.540704 0.455142 2.96787 -0.706688 0.550565 0.444376 -3.11573 
569 0.00242534 -0.624292 0.781187 -7.23637 0.719477 0.543636 0.432218 3.19759 -0.694512 0.560998 0.450483 -3.08128 
571 0.000661408 -0.626043 0.779788 -7.25764 0.72715 0.535609 0.42939 3.24225 -0.686478 0.566739 0.455582 -3.08121 
573 0.00275291 -0.629759 0.776785 -7.26122 0.730406 0.531821 0.428572 3.274 -0.683008 0.566189 0.461444 -3.13563 
575 -0.0133685 -0.633704 0.77346 -7.34417 0.734706 0.518471 0.437488 3.20986 -0.678254 0.574114 0.458655 -3.09563 
577 -0.052821 -0.637625 0.768534 -7.52482 0.731368 0.499313 0.464529 2.98111 -0.679934 0.586618 0.439965 -2.97226 
579 -0.0797059 -0.645313 0.759749 -7.64687 0.712944 0.495778 0.495898 2.73113 -0.696676 0.581184 0.420556 -2.99922 
581 -0.094781 -0.629438 0.771248 -7.72303 0.711167 0.499314 0.494902 2.77666 -0.696605 0.595394 0.40031 -2.8469 
583 -0.133001 -0.627689 0.767018 -7.88222 0.710992 0.478745 0.515067 2.5942 -0.690508 0.613848 0.382609 -2.65938 
585 -0.160573 -0.631799 0.758318 -7.99446 0.71504 0.455149 0.53062 2.44657 -0.680393 0.627431 0.378677 -2.55531 
587 -0.170851 -0.632222 0.755715 -8.04095 0.72345 0.440205 0.531827 2.44189 -0.668903 0.637585 0.382171 -2.49977 
589 -0.204513 -0.62365 0.754476 -8.1637 0.727968 0.418378 0.543159 2.32708 -0.654398 0.660318 0.368434 -2.26855 
591 -0.226881 -0.628257 0.74419 -8.24075 0.720239 0.406116 0.562429 2.15126 -0.655577 0.663598 0.360355 -2.2392 
593 -0.234588 -0.61976 0.74891 -8.2735 0.718554 0.408322 0.562986 2.18059 -0.654712 0.670202 0.349544 -2.17412 
595 -0.248969 -0.620372 0.743742 -8.32152 0.714129 0.401155 0.573668 2.09144 -0.654243 0.673953 0.343151 -2.15354 
597 -0.262325 -0.627463 0.733128 -8.36127 0.701839 0.397353 0.591212 1.93921 -0.662274 0.669628 0.336142 -2.21168 
599 -0.282373 -0.618625 0.733191 -8.42114 0.694542 0.395369 0.601078 1.86696 -0.661723 0.67896 0.318019 -2.10209 
601 -0.286169 -0.623559 0.727518 -8.43043 0.692685 0.389977 0.606718 1.83328 -0.662039 0.677564 0.32033 -2.16525 
603 -0.300067 -0.627212 0.718724 -8.46609 0.688704 0.37888 0.618172 1.73181 -0.660036 0.680481 0.318274 -2.16675 
605 -0.306712 -0.611443 0.729428 -8.48944 0.694839 0.37991 0.610628 1.85066 -0.650481 0.694122 0.308332 -2.03059 
607 -0.290002 -0.603745 0.742557 -8.44279 0.710478 0.384018 0.589704 2.1096 -0.641186 0.698586 0.317582 -2.04538 
609 -0.292421 -0.597229 0.746865 -8.45097 0.720602 0.375818 0.58266 2.2014 -0.628667 0.708575 0.320467 -1.97706 
611 -0.299314 -0.598319 0.743253 -8.47434 0.719069 0.370576 0.587888 2.17297 -0.627177 0.710414 0.319314 -1.97976 
613 -0.30686 -0.589998 0.74682 -8.50344 0.72204 0.366913 0.586544 2.21269 -0.620077 0.71922 0.313411 -1.8962 
615 -0.318171 -0.594467 0.738496 -8.54555 0.712751 0.363637 0.599796 2.10135 -0.625103 0.717201 0.308008 -1.93301 
617 -0.340344 -0.591925 0.73061 -8.6209 0.70228 0.356667 0.61611 1.94813 -0.625275 0.722782 0.294307 -1.86508 
619 -0.35911 -0.588092 0.724698 -8.68766 0.691333 0.35402 0.629864 1.82795 -0.626976 0.727198 0.279435 -1.8075 
621 -0.359217 -0.585087 0.727074 -8.70715 0.69059 0.357379 0.62878 1.87737 -0.627732 0.727979 0.275679 -1.82653 
623 -0.366793 -0.576771 0.729931 -8.74948 0.695771 0.350764 0.626791 1.92058 -0.617548 0.737767 0.272643 -1.74205 
624 -0.376169 -0.576351 0.725477 -8.78698 0.69404 0.343459 0.632728 1.86096 -0.613845 0.741522 0.270812 -1.70882 
626 -0.388421 -0.57361 0.721181 -8.84521 0.692598 0.334496 0.639077 1.81297 -0.607813 0.747719 0.267356 -1.65329 
627 -0.396407 -0.573324 0.71705 -8.87982 0.690385 0.328681 0.644466 1.76132 -0.605169 0.750512 0.265523 -1.62866 
628 -0.388681 -0.579894 0.715996 -8.87239 0.691874 0.329496 0.64245 1.80284 -0.608471 0.745087 0.273145 -1.72998 
630 -0.37338 -0.59024 0.715684 -8.85399 0.698978 0.328236 0.635367 1.91195 -0.609932 0.737481 0.290008 -1.89657 
632 -0.376268 -0.583147 0.719974 -8.88432 0.703525 0.325828 0.631577 1.98065 -0.602889 0.744162 0.287659 -1.83664 
634 -0.372368 -0.588537 0.717611 -8.89176 0.704378 0.324256 0.631435 2.00903 -0.604312 0.740596 0.29381 -1.92283 
636 -0.367503 -0.588147 0.720434 -8.89437 0.706051 0.327762 0.627745 2.08472 -0.605337 0.739361 0.294808 -1.96866 
638 -0.371376 -0.586358 0.719906 -8.92124 0.703231 0.328638 0.630447 2.08522 -0.606256 0.740393 0.290297 -1.97389 
640 -0.380485 -0.585785 0.715603 -8.96333 0.691371 0.333741 0.640798 2.01045 -0.614196 0.738562 0.278011 -1.99317 
642 -0.379404 -0.580973 0.720085 -8.97707 0.683132 0.348995 0.641508 2.05943 -0.624005 0.735304 0.264471 -2.02807 
644 -0.383934 -0.576688 0.721129 -9.0066 0.684625 0.346256 0.641401 2.09178 -0.619583 0.739958 0.261876 -2.00456 
646 -0.399462 -0.586298 0.704758 -9.06624 0.677618 0.328955 0.657741 1.91295 -0.617466 0.7403 0.265881 -2.05098 
648 -0.408142 -0.577403 0.707125 -9.10849 0.679632 0.324982 0.657638 1.94602 -0.609525 0.748994 0.259783 -1.95868 
650 -0.407399 -0.568993 0.714334 -9.12104 0.687663 0.323582 0.649933 2.07036 -0.600954 0.756003 0.259449 -1.89954 
652 -0.421648 -0.562654 0.711079 -9.17598 0.688968 0.311044 0.654656 2.02965 -0.589522 0.765945 0.256499 -1.79244 
654 -0.441293 -0.558317 0.702525 -9.24461 0.682549 0.299408 0.666694 1.89888 -0.582569 0.773716 0.248952 -1.69724 
656 -0.454577 -0.552079 0.698977 -9.29437 0.6768 0.296074 0.674005 1.83498 -0.579053 0.779454 0.239059 -1.62156 
658 -0.483731 -0.537135 0.691007 -9.38429 0.666603 0.285499 0.688572 1.6653 -0.567138 0.793711 0.219951 -1.40239 
660 -0.522018 -0.530341 0.668009 -9.48947 0.645324 0.26654 0.7159 1.31279 -0.557722 0.804795 0.203103 -1.2298 
662 -0.550782 -0.52254 0.650839 -9.56819 0.62331 0.261085 0.737102 1.05116 -0.555089 0.811657 0.181904 -1.10013 
664 -0.588159 -0.503566 0.632843 -9.65315 0.602635 0.248962 0.758188 0.767684 -0.539351 0.827309 0.157037 -0.823274 
666 -0.615383 -0.496033 0.612581 -9.71139 0.582883 0.236791 0.777288 0.498807 -0.530614 0.835393 0.143412 -0.687183 
668 -0.641734 -0.482068 0.59648 -9.75834 0.574858 0.212469 0.790186 0.288178 -0.507657 0.849981 0.140772 -0.485802 
670 -0.651992 -0.479206 0.587595 -9.78662 0.578129 0.187222 0.794176 0.201145 -0.490584 0.857502 0.154976 -0.444658 
672 -0.668354 -0.475238 0.572234 -9.81196 0.574593 0.158697 0.802906 0.027308 -0.472384 0.865427 0.167003 -0.375995 
674 -0.685355 -0.467549 0.558288 -9.83204 0.565775 0.140787 0.812451 -0.139468 -0.458461 0.872684 0.168039 -0.273347 
676 -0.689827 -0.46131 0.557971 -9.84925 0.563653 0.141461 0.813808 -0.132924 -0.454349 0.875889 0.162435 -0.219207 
678 -0.698157 -0.448769 0.557838 -9.86456 0.561687 0.139813 0.815451 -0.140258 -0.443942 0.882643 0.154456 -0.0947099 
680 -0.698365 -0.449211 0.557222 -9.87838 0.559349 0.143196 0.81647 -0.123546 -0.446559 0.881876 0.151263 -0.125742 
682 -0.701169 -0.442526 0.559046 -9.89221 0.556919 0.149663 0.816971 -0.0891289 -0.4452 0.884178 0.141512 -0.0817289 
684 -0.69983 -0.440454 0.562351 -9.90522 0.555237 0.15986 0.816184 -0.0235671 -0.449389 0.883428 0.132681 -0.101717 
686 -0.698143 -0.444199 0.561501 -9.91495 0.549724 0.169881 0.81789 0.00288223 -0.458695 0.879675 0.125586 -0.184646 
688 -0.69131 -0.438573 0.574233 -9.9228 0.565706 0.165894 0.807747 0.192174 -0.449518 0.883251 0.133419 -0.191486 
690 -0.700346 -0.446919 0.556577 -9.92757 0.560296 0.138904 0.816562 0.0249273 -0.442248 0.883724 0.153126 -0.285814 
692 -0.706208 -0.444342 0.551208 -9.93408 0.559434 0.126961 0.819094 -0.00439261 -0.433939 0.886815 0.158919 -0.275428 
693 -0.69978 -0.447346 0.556946 -9.93606 0.565451 0.129572 0.814541 0.0968544 -0.436547 0.884925 0.16228 -0.334052 
695 -0.694263 -0.438186 0.570957 -9.94084 0.578905 0.131365 0.804744 0.295937 -0.427631 0.889234 0.162466 -0.27514 
697 -0.702946 -0.451098 0.549889 -9.9476 0.561636 0.122304 0.818295 0.0937292 -0.436385 0.884054 0.16738 -0.409722 
699 -0.712649 -0.448002 0.539839 -9.95498 0.550822 0.119197 0.826067 -0.00559956 -0.434427 0.886051 0.161824 -0.380197 
701 -0.717423 -0.444556 0.536352 -9.9615 0.54023 0.131071 0.831247 -0.0272198 -0.439836 0.88611 0.146129 -0.35743 
703 -0.731858 -0.434731 0.524779 -9.96872 0.519965 0.141522 0.842382 -0.161982 -0.440477 0.889371 0.122471 -0.245573 
705 -0.739603 -0.426875 0.52035 -9.9773 0.510083 0.148877 0.847143 -0.199426 -0.439092 0.891972 0.107632 -0.175974 
707 -0.752265 -0.413218 0.513175 -9.98455 0.49947 0.150294 0.853195 -0.27541 -0.429683 0.898144 0.093329 -0.0397934 
709 -0.757779 -0.401414 0.514429 -10.0011 0.495326 0.159333 0.85397 -0.240606 -0.424762 0.901931 0.0780915 0.0529658 
