0 1 -8.82203e-05 9.11247e-05 -0.00105891 8.82184e-05 1 2.01349e-05 -0.0005196 -9.11265e-05 -2.01269e-05 1 0.01439 
7 0.999972 0.0024685 0.00700844 0.0152625 -0.00247664 0.999996 0.00115313 0.235827 -0.00700557 -0.00117045 0.999975 -4.50512 
9 0.999915 0.00490685 0.0121024 -0.00280559 -0.00491614 0.999988 0.000738182 0.313042 -0.0120986 -0.000797616 0.999926 -5.84879 
11 0.999787 0.00626332 0.0196425 -0.0383499 -0.00627732 0.99998 0.000651382 0.383946 -0.0196381 -0.000774546 0.999807 -7.11664 
13 0.999618 0.00550791 0.0270816 -0.0762398 -0.00554244 0.999984 0.00120013 0.449343 -0.0270745 -0.00134977 0.999633 -8.37594 
15 0.999382 0.00481824 0.0348288 -0.130036 -0.00481462 0.999988 -0.000187636 0.533416 -0.0348293 1.98325e-05 0.999393 -9.69568 
17 0.999094 0.00484442 0.042282 -0.187595 -0.00479652 0.999988 -0.00123423 0.61405 -0.0422874 0.0010303 0.999105 -10.9664 
19 0.998741 0.00575145 0.0498247 -0.25715 -0.00564976 0.999982 -0.00218154 0.695083 -0.0498364 0.0018973 0.998756 -12.241 
21 0.998333 0.00511561 0.057484 -0.339309 -0.00501727 0.999986 -0.00185503 0.764936 -0.0574927 0.00156352 0.998345 -13.52 
23 0.99787 0.00342801 0.0651387 -0.43225 -0.00348636 0.999994 0.000782137 0.804528 -0.0651356 -0.00100757 0.997876 -14.8034 
25 0.997374 0.00294899 0.0723683 -0.522369 -0.00309242 0.999993 0.00186998 0.855704 -0.0723623 -0.00208886 0.997376 -16.1006 
27 0.996917 -0.000674626 0.0784622 -0.610835 0.000548996 0.999999 0.00162272 0.93156 -0.0784632 -0.00157464 0.996916 -17.3901 
29 0.996428 -0.00198195 0.0844223 -0.694956 0.00195675 0.999998 0.000381281 1.02272 -0.0844229 -0.000214725 0.99643 -18.7052 
31 0.995963 -0.00344173 0.0897003 -0.782219 0.00352129 0.999994 -0.000728735 1.11748 -0.0896972 0.00104165 0.995969 -20.0078 
33 0.9954 -0.0029326 0.095757 -0.896019 0.00286924 0.999996 0.0007994 1.16047 -0.0957589 -0.000520974 0.995404 -21.297 
35 0.994741 -0.00450803 0.102324 -1.02789 0.00415613 0.999985 0.003652 1.17366 -0.102338 -0.00320752 0.994744 -22.5922 
37 0.994047 -0.0060757 0.108786 -1.16214 0.005522 0.99997 0.00539031 1.20753 -0.108815 -0.00475751 0.994051 -23.8645 
39 0.993247 -0.00707642 0.115807 -1.31717 0.0064465 0.999962 0.00581301 1.26887 -0.115844 -0.0050272 0.993255 -25.1401 
41 0.992392 -0.00758479 0.122888 -1.48622 0.00714396 0.999966 0.00402748 1.38736 -0.122915 -0.00311893 0.992412 -26.4232 
44 0.991008 -0.00924419 0.133483 -1.75468 0.00907533 0.999957 0.0018734 1.56042 -0.133495 -0.000645151 0.991049 -28.3836 
47 0.989547 -0.00674951 0.144051 -2.0459 0.00658707 0.999977 0.00160459 1.669 -0.144059 -0.000638941 0.989569 -30.3126 
49 0.988543 -0.00473115 0.150868 -2.24334 0.00445864 0.999988 0.00214448 1.71851 -0.150876 -0.00144724 0.988552 -31.5961 
51 0.987464 -0.00429822 0.157784 -2.45572 0.00396848 0.999989 0.0024048 1.78154 -0.157793 -0.00174849 0.987471 -32.8729 
53 0.986487 -0.00520991 0.163759 -2.64444 0.00488518 0.999985 0.0023856 1.85711 -0.163769 -0.00155337 0.986497 -34.1605 
55 0.985771 -0.00578958 0.167993 -2.78005 0.00549782 0.999982 0.00220178 1.93533 -0.168003 -0.00124686 0.985786 -35.4399 
57 0.985099 -0.00708206 0.17184 -2.90586 0.00672746 0.999974 0.00264581 1.99589 -0.171855 -0.00145034 0.985121 -36.7106 
59 0.984454 -0.00628223 0.175529 -3.0377 0.005967 0.999979 0.0023236 2.08295 -0.17554 -0.00124009 0.984472 -38.0411 
62 0.983594 -0.00505626 0.180325 -3.21462 0.0046232 0.999985 0.00282173 2.17138 -0.180337 -0.00194176 0.983603 -39.9853 
65 0.982911 -0.00945689 0.18384 -3.35166 0.00878354 0.999951 0.00447671 2.2314 -0.183873 -0.00278544 0.982946 -41.9378 
67 0.982494 -0.0117981 0.18592 -3.44343 0.0110339 0.999926 0.00514466 2.28832 -0.185967 -0.00300318 0.982551 -43.2449 
69 0.982128 -0.0154437 0.187579 -3.50721 0.0148132 0.999879 0.00476248 2.39052 -0.18763 -0.00189872 0.982238 -44.5254 
71 0.981751 -0.0170374 0.189405 -3.58344 0.0164375 0.999854 0.00473759 2.47845 -0.189458 -0.00153777 0.981888 -45.8527 
73 0.981349 -0.0157668 0.191586 -3.67453 0.0151184 0.999874 0.00484574 2.54303 -0.191638 -0.00185889 0.981464 -47.1566 
75 0.980969 -0.0164169 0.193467 -3.7592 0.0158761 0.999865 0.00434555 2.64433 -0.193513 -0.00119134 0.981097 -48.4599 
77 0.980692 -0.014818 0.194999 -3.82509 0.0140922 0.999888 0.00510938 2.67607 -0.195052 -0.00226277 0.98079 -49.7652 
78 0.980637 -0.0147274 0.195281 -3.83419 0.0139116 0.999888 0.00554872 2.68951 -0.195341 -0.00272462 0.980732 -50.4108 
80 0.980643 -0.0140511 0.195298 -3.82598 0.0132237 0.999897 0.00553971 2.75896 -0.195356 -0.00284991 0.980728 -51.7021 
82 0.980593 -0.0134558 0.195594 -3.82819 0.0126806 0.999906 0.00521482 2.85136 -0.195646 -0.00263337 0.980671 -53.0161 
84 0.980388 -0.0110613 0.196767 -3.8789 0.00989959 0.999927 0.00688669 2.81923 -0.196829 -0.00480371 0.980426 -54.3025 
86 0.979901 -0.0111839 0.199169 -4.0068 0.00947854 0.99991 0.00951372 2.74677 -0.199257 -0.00743468 0.979919 -55.5859 
88 0.979071 -0.011518 0.203193 -4.22569 0.0100484 0.999915 0.00826253 2.89041 -0.203271 -0.00604783 0.979104 -56.8529 
90 0.978213 -0.0110197 0.20731 -4.45441 0.010133 0.999934 0.00533877 3.13058 -0.207356 -0.00312178 0.978261 -58.1245 
93 0.977047 -0.0131334 0.21262 -4.76241 0.0121482 0.999909 0.00593934 3.22317 -0.212679 -0.00322006 0.977117 -60.0277 
96 0.976128 -0.0121022 0.21686 -5.00438 0.0112032 0.999923 0.00537437 3.35971 -0.216908 -0.00281655 0.976188 -61.9143 
99 0.975446 -0.0189544 0.21942 -5.16944 0.0186424 0.99982 0.00349271 3.64701 -0.219447 0.000683571 0.975624 -63.8039 
102 0.974745 -0.0213417 0.222298 -5.35174 0.0202862 0.999769 0.00703067 3.54427 -0.222397 -0.00234351 0.974953 -65.7158 
104 0.974396 -0.0266011 0.22326 -5.42002 0.0256357 0.999645 0.00722189 3.65316 -0.223373 -0.00131356 0.974732 -66.9773 
106 0.974203 -0.0255327 0.224226 -5.47384 0.0245442 0.999673 0.00719545 3.71695 -0.224336 -0.00150641 0.974511 -68.246 
108 0.974104 -0.026696 0.224519 -5.49059 0.0250572 0.999635 0.0101459 3.59162 -0.224708 -0.00425737 0.974417 -69.5255 
110 0.973915 -0.0281965 0.225154 -5.53121 0.0258122 0.999575 0.0135269 3.43628 -0.225439 -0.0073623 0.974229 -70.816 
112 0.973586 -0.0262055 0.226811 -5.63873 0.0236335 0.999622 0.0140483 3.4468 -0.227093 -0.00831686 0.973837 -72.1048 
114 0.97322 -0.0263815 0.228357 -5.74822 0.0246993 0.999643 0.0102216 3.80429 -0.228545 -0.00430763 0.973524 -73.3738 
116 0.972927 -0.0290422 0.229283 -5.82198 0.0289403 0.999574 0.00380793 4.39088 -0.229296 0.00293068 0.973352 -74.6371 
119 0.972686 -0.0314873 0.22998 -5.86347 0.0314053 0.999499 0.00401798 4.51783 -0.229991 0.00331435 0.973187 -76.5455 
122 0.972684 -0.0315691 0.229975 -5.85476 0.030017 0.999497 0.010245 4.13278 -0.230183 -0.00306198 0.973142 -78.5349 
125 0.972592 -0.0317021 0.230345 -5.87799 0.0301661 0.999493 0.0101878 4.24839 -0.230552 -0.00295992 0.973056 -80.4729 
128 0.972847 -0.0194973 0.230625 -5.83748 0.0168722 0.999769 0.0133498 3.93317 -0.230832 -0.00909615 0.972951 -82.4202 
131 0.972627 -0.0102391 0.232145 -5.91911 0.0088073 0.999935 0.00720329 4.44025 -0.232204 -0.00496155 0.972655 -84.346 
134 0.971916 -0.00866735 0.235168 -6.17324 0.00828845 0.999962 0.00259959 4.93573 -0.235182 -0.000577401 0.971951 -86.2601 
137 0.971263 -0.0144092 0.237572 -6.39929 0.0130943 0.999889 0.0071116 4.73022 -0.237648 -0.00379639 0.971344 -88.2028 
140 0.970807 -0.0214816 0.238897 -6.53098 0.0195969 0.999755 0.0102615 4.6592 -0.239059 -0.0052803 0.970991 -90.1406 
143 0.970633 -0.0267392 0.239073 -6.5529 0.0249233 0.999633 0.0106163 4.81865 -0.239269 -0.00434609 0.970944 -92.0751 
146 0.970696 -0.0258029 0.238923 -6.51612 0.0253482 0.999666 0.00497594 5.44365 -0.238972 0.00122615 0.971026 -94.0072 
149 0.970806 -0.0217065 0.238883 -6.4846 0.0225011 0.999747 -0.00059965 6.0406 -0.23881 0.00595729 0.971048 -95.9922 
151 0.970625 -0.019726 0.239789 -6.56026 0.0195554 0.999804 0.0030911 5.71737 -0.239803 0.00168888 0.97082 -97.3501 
153 0.970257 -0.0188407 0.241342 -6.70327 0.0173427 0.999815 0.0083301 5.24813 -0.241454 -0.00389683 0.970404 -98.6795 
155 0.969843 -0.0172923 0.243117 -6.86551 0.0159768 0.999845 0.00738192 5.3893 -0.243207 -0.00327507 0.969969 -99.9903 
157 0.969459 -0.0191336 0.244504 -7.005 0.0179363 0.999814 0.00712277 5.52888 -0.244595 -0.00251975 0.969622 -101.296 
159 0.969 -0.0248355 0.24581 -7.16381 0.0233606 0.999687 0.00891482 5.50759 -0.245955 -0.00289619 0.969277 -102.519 
161 0.968701 -0.0226197 0.247199 -7.29114 0.0218065 0.999744 0.00602737 5.85364 -0.247272 -0.000448183 0.968946 -103.899 
164 0.968288 -0.0214086 0.248916 -7.45768 0.0215378 0.999766 0.00220471 6.35498 -0.248905 0.00322632 0.968523 -105.835 
166 0.967856 -0.0204277 0.250675 -7.63209 0.0200537 0.999791 0.00404643 6.20291 -0.250705 0.00111062 0.968063 -107.075 
169 0.967348 -0.0241429 0.252299 -7.81983 0.0224653 0.999702 0.00952838 5.7802 -0.252454 -0.0035493 0.967602 -109.039 
172 0.967151 -0.0221682 0.253236 -7.89999 0.0212561 0.999754 0.00633741 6.21439 -0.253314 -0.000746422 0.967384 -110.967 
175 0.966969 -0.0211044 0.25402 -7.97478 0.0208962 0.999775 0.00351825 6.62912 -0.254037 0.00190602 0.967193 -112.88 
177 0.966723 -0.0190836 0.255113 -8.08304 0.0188144 0.999817 0.00349583 6.6604 -0.255133 0.00142028 0.966905 -114.132 
179 0.966557 -0.0187799 0.255764 -8.15166 0.0181911 0.999824 0.00466788 6.59058 -0.255807 0.000140859 0.966728 -115.44 
180 0.966452 -0.0185389 0.256177 -8.19536 0.0175769 0.999827 0.0060445 6.45501 -0.256245 -0.00133893 0.966611 -116.089 
182 0.966081 -0.0262791 0.256899 -8.31206 0.0239645 0.999639 0.0121371 6.04297 -0.257125 -0.00556893 0.966362 -118.649 
184 0.965797 -0.0267138 0.257921 -8.42726 0.0249718 0.999638 0.0100283 6.3869 -0.258095 -0.0032446 0.966114 -119.923 
186 0.96525 -0.0248506 0.260144 -8.68181 0.0234447 0.999689 0.00850623 6.6086 -0.260275 -0.00211163 0.965532 -121.135 
188 0.964308 -0.0240416 0.263688 -9.11316 0.0226786 0.999709 0.00821202 6.70058 -0.263808 -0.00193884 0.964573 -122.363 
190 0.96352 -0.0227904 0.266665 -9.47162 0.0218264 0.99974 0.00657864 6.95058 -0.266746 -0.000518305 0.963767 -123.575 
192 0.962911 -0.0230683 0.268833 -9.74585 0.0224102 0.999734 0.00551696 7.16439 -0.268889 0.000712248 0.963171 -124.789 
194 0.962532 -0.0247155 0.270038 -9.90054 0.0238082 0.999695 0.00663529 7.13265 -0.270119 4.24311e-05 0.962827 -126.026 
196 0.962028 -0.0256982 0.271739 -10.1164 0.0244001 0.999669 0.00815502 7.028 -0.271859 -0.00121488 0.962336 -127.258 
198 0.96152 -0.0252202 0.273576 -10.3486 0.023385 0.999677 0.00996776 6.84886 -0.273739 -0.00318663 0.961799 -128.473 
200 0.961066 -0.0255544 0.275136 -10.5528 0.0234706 0.999665 0.0108639 6.80947 -0.275322 -0.00398335 0.961344 -129.694 
202 0.960619 -0.0275347 0.276501 -10.7365 0.0260367 0.99962 0.00908839 7.16789 -0.276646 -0.00153132 0.960971 -130.881 
204 0.960153 -0.0271459 0.278153 -10.9474 0.0264802 0.99963 0.00615087 7.62645 -0.278217 0.00145976 0.960517 -132.058 
206 0.959668 -0.0255097 0.279977 -11.1741 0.0254388 0.999669 0.00388755 7.96184 -0.279983 0.00339151 0.959999 -133.239 
208 0.959211 -0.0247979 0.281602 -11.3865 0.0248625 0.999685 0.00334413 8.08565 -0.281596 0.00379359 0.959526 -134.41 
210 0.958694 -0.0234003 0.283475 -11.629 0.0233556 0.999721 0.00353779 8.09065 -0.283479 0.00322907 0.958973 -135.592 
213 0.957929 -0.0244514 0.285962 -11.9748 0.0238552 0.9997 0.00556881 7.93329 -0.286012 0.00148715 0.958225 -137.377 
215 0.957143 -0.023887 0.288628 -12.3492 0.0234123 0.999713 0.00509728 8.06051 -0.288666 0.00187862 0.957428 -138.578 
217 0.956091 -0.0235062 0.292124 -12.8357 0.0225496 0.999724 0.00664153 7.89142 -0.2922 0.000237394 0.956357 -139.71 
219 0.954774 -0.0232689 0.296421 -13.4516 0.0218506 0.999728 0.00809725 7.74208 -0.296529 -0.00125407 0.955023 -140.856 
221 0.953454 -0.0238784 0.300592 -14.06 0.0225708 0.999715 0.00782248 7.86982 -0.300693 -0.000673782 0.953721 -141.995 
223 0.952174 -0.0243119 0.304586 -14.6456 0.0233586 0.999704 0.00677386 8.11009 -0.304661 0.000664806 0.952461 -143.137 
225 0.950953 -0.0220665 0.308549 -15.2142 0.0215108 0.999755 0.00520282 8.34598 -0.308588 0.00168951 0.951194 -144.277 
227 0.949679 -0.0213106 0.3125 -15.8022 0.0211976 0.999768 0.00375916 8.60968 -0.312508 0.00305424 0.94991 -145.411 
229 0.948448 -0.0202251 0.316286 -16.3623 0.0199985 0.999792 0.00396291 8.61227 -0.3163 0.00256662 0.948656 -146.55 
231 0.947088 -0.0188007 0.320423 -16.9802 0.0177969 0.999823 0.00606129 8.31061 -0.32048 -3.80527e-05 0.947255 -147.663 
233 0.945754 -0.0175552 0.32441 -17.58 0.0163311 0.999846 0.00649586 8.26787 -0.324474 -0.000845535 0.945894 -148.775 
235 0.944 -0.0176063 0.329474 -18.3688 0.0164389 0.999845 0.0063292 8.3605 -0.329534 -0.000558588 0.944143 -149.846 
237 0.94228 -0.0162813 0.334429 -19.136 0.0144898 0.999864 0.00785103 8.14801 -0.334511 -0.00255207 0.942388 -150.944 
239 0.940351 -0.0164379 0.339809 -19.9885 0.0135908 0.99985 0.0107569 7.75326 -0.339935 -0.00549702 0.940433 -152.026 
241 0.937973 -0.0184464 0.346217 -21.0239 0.0149615 0.999807 0.0127357 7.56283 -0.346386 -0.00676576 0.938068 -153.03 
243 0.935458 -0.0190339 0.352926 -22.1169 0.0157517 0.999802 0.0121698 7.74286 -0.353087 -0.00582512 0.935572 -154.066 
245 0.93316 -0.0192173 0.358946 -23.0969 0.0161623 0.999803 0.01151 7.92303 -0.359097 -0.00493925 0.933287 -155.076 
247 0.931045 -0.0206997 0.364317 -23.9903 0.017562 0.999775 0.0119237 7.97144 -0.364482 -0.00470339 0.931199 -156.099 
249 0.928975 -0.0202523 0.369589 -24.8565 0.0164964 0.999775 0.0133202 7.78508 -0.369775 -0.00627724 0.9291 -157.114 
251 0.92706 -0.0206516 0.374343 -25.65 0.0158641 0.999748 0.0158664 7.43148 -0.374577 -0.00877045 0.927154 -158.124 
253 0.925321 -0.0225884 0.37851 -26.3626 0.0173224 0.9997 0.0173121 7.3213 -0.378788 -0.00946252 0.925435 -159.101 
256 0.923046 -0.0174265 0.384294 -27.2995 0.0154897 0.999847 0.00813484 8.79938 -0.384377 -0.00155625 0.923175 -160.586 
258 0.921462 -0.0134058 0.388237 -27.9402 0.0126879 0.99991 0.00441269 9.35781 -0.388261 0.000859781 0.921549 -161.557 
260 0.920129 -0.00953323 0.3915 -28.4706 0.00821905 0.999954 0.00503244 9.15832 -0.39153 -0.00141273 0.920164 -162.596 
262 0.918746 -0.00796523 0.394769 -29.0292 0.00602437 0.999963 0.00615568 8.95668 -0.394804 -0.00327726 0.91876 -163.628 
264 0.917764 -0.00661847 0.397072 -29.4114 0.0046092 0.999971 0.00601433 8.99162 -0.3971 -0.00368955 0.917768 -164.648 
266 0.917055 -0.00567418 0.39872 -29.6998 0.00368124 0.999977 0.00576382 9.06191 -0.398743 -0.00381796 0.917055 -165.706 
268 0.916782 -0.00641238 0.399337 -29.8052 0.00380867 0.999966 0.00731324 8.87718 -0.39937 -0.0051837 0.916775 -166.801 
271 0.916451 -0.00681978 0.400089 -29.9379 0.00306595 0.999945 0.0100218 8.4925 -0.400135 -0.00795786 0.916422 -168.441 
273 0.916166 -0.0077677 0.400725 -30.0605 0.0036914 0.999933 0.0109433 8.4248 -0.400783 -0.00854662 0.916133 -169.519 
276 0.915373 -0.00880433 0.40251 -30.3897 0.00534413 0.999938 0.00971879 8.78853 -0.402571 -0.00674526 0.915364 -171.098 
279 0.913449 -0.0115795 0.406788 -31.2037 0.00842123 0.999919 0.00955341 9.03965 -0.406866 -0.00530089 0.913473 -172.583 
281 0.912124 -0.0132053 0.409701 -31.7571 0.0099634 0.9999 0.0100467 9.08054 -0.409793 -0.00508185 0.912165 -173.583 
283 0.910494 -0.0135078 0.413301 -32.4409 0.00996892 0.999893 0.0107179 9.02726 -0.413401 -0.0056384 0.910532 -174.546 
285 0.908977 -0.0145917 0.416591 -33.078 0.0108944 0.999877 0.0112511 9.03541 -0.416704 -0.00568848 0.909024 -175.509 
288 0.907424 -0.0158901 0.419917 -33.7146 0.0117938 0.999854 0.0123494 8.9728 -0.420052 -0.00625373 0.907479 -177.019 
291 0.905846 -0.0186462 0.423197 -34.3682 0.0140731 0.999804 0.0139284 8.89028 -0.423374 -0.00666124 0.905931 -178.476 
294 0.904359 -0.0179608 0.426394 -34.9884 0.0138723 0.999823 0.0126927 9.18797 -0.426546 -0.00556368 0.904449 -180.026 
296 0.90283 -0.018406 0.429605 -35.6258 0.014882 0.999822 0.0115615 9.49659 -0.429741 -0.00404471 0.902943 -180.97 
299 0.900152 -0.0190375 0.43516 -36.7335 0.016022 0.999815 0.010598 9.81435 -0.435281 -0.00256767 0.900291 -182.369 
302 0.897645 -0.0183143 0.440339 -37.767 0.0153561 0.999829 0.0102803 9.93311 -0.440452 -0.00246616 0.897773 -183.784 
305 0.895306 -0.0171909 0.445121 -38.704 0.0150677 0.999852 0.0083081 10.3704 -0.445197 -0.000731329 0.895432 -185.145 
308 0.893276 -0.0139449 0.449291 -39.5325 0.0108349 0.999896 0.00949258 10.0435 -0.449377 -0.00361147 0.893335 -186.679 
310 0.892323 -0.0151287 0.451145 -39.9202 0.0111056 0.999871 0.0115637 9.73215 -0.451262 -0.00530831 0.892376 -187.703 
313 0.891235 -0.0171965 0.453216 -40.3673 0.0125459 0.999833 0.0132658 9.57842 -0.453369 -0.00613691 0.891302 -189.242 
315 0.890519 -0.0216829 0.454428 -40.6648 0.0165089 0.999746 0.0153509 9.44487 -0.454645 -0.00616817 0.890651 -190.267 
317 0.889526 -0.025277 0.456184 -41.071 0.0206612 0.999672 0.0151035 9.76001 -0.456417 -0.00400963 0.889757 -191.248 
319 0.888962 -0.01897 0.457589 -41.2929 0.013748 0.999797 0.0147398 9.54468 -0.457775 -0.00681216 0.889042 -192.295 
321 0.889241 -0.0218923 0.456915 -41.1685 0.0145734 0.999703 0.0195364 8.73298 -0.457207 -0.0107138 0.889296 -193.448 
323 0.889356 -0.0212485 0.456722 -41.1012 0.0152165 0.999742 0.0168816 9.33 -0.456962 -0.00806407 0.889449 -194.442 
325 0.889627 -0.0201934 0.456241 -40.9925 0.0162323 0.999789 0.0125996 10.2731 -0.456399 -0.00380315 0.889767 -195.593 
327 0.890425 -0.0208636 0.454652 -40.6461 0.0170276 0.999776 0.0125309 10.3923 -0.454812 -0.00341615 0.890581 -196.751 
329 0.890976 -0.0242352 0.453404 -40.4048 0.0190576 0.999691 0.0159854 9.89102 -0.453651 -0.00560185 0.891162 -197.909 
331 0.891782 -0.0285128 0.451567 -40.0396 0.0237636 0.999587 0.0161861 10.1607 -0.451842 -0.00370366 0.89209 -199.06 
333 0.892573 -0.0285645 0.449998 -39.6813 0.0259956 0.999591 0.0118885 11.184 -0.450153 0.0010866 0.892951 -200.175 
335 0.893426 -0.0285431 0.448303 -39.2946 0.0269985 0.999587 0.00983748 11.7081 -0.448399 0.00331445 0.893827 -201.298 
338 0.895534 -0.0262807 0.444216 -38.333 0.0243614 0.999653 0.0100293 11.6178 -0.444325 0.00184013 0.895864 -203.116 
341 0.898604 -0.0252977 0.438032 -36.912 0.0203947 0.999666 0.015895 10.3185 -0.438287 -0.00534976 0.898819 -205.076 
343 0.901064 -0.0234836 0.43305 -35.7552 0.0170686 0.99968 0.0186956 9.63001 -0.43335 -0.00945434 0.901176 -206.394 
345 0.903578 -0.0215375 0.427882 -34.5455 0.0156017 0.999727 0.0173747 9.87414 -0.42814 -0.0090237 0.903667 -207.653 
347 0.905847 -0.02051 0.423108 -33.4338 0.0158475 0.999769 0.014535 10.5191 -0.423308 -0.00646124 0.905963 -208.839 
350 0.90981 -0.0171072 0.414672 -31.4522 0.0139908 0.999846 0.0105519 11.3232 -0.414789 -0.00379864 0.90991 -210.764 
352 0.912634 -0.0200561 0.408285 -30.0009 0.0177665 0.999798 0.00939981 11.8271 -0.408391 -0.0013248 0.912806 -211.945 
354 0.914878 -0.0170105 0.403372 -28.8328 0.0155621 0.999855 0.00686877 12.2914 -0.403431 -6.76745e-06 0.91501 -213.244 
356 0.91634 -0.0140255 0.400156 -28.0469 0.0125755 0.999901 0.00624932 12.3024 -0.400205 -0.00069435 0.916426 -214.419 
358 0.917624 -0.0142792 0.397194 -27.3549 0.0138571 0.999896 0.00393303 12.9187 -0.397209 0.0018949 0.917726 -215.548 
360 0.919653 -0.0187315 0.392284 -26.2604 0.0190959 0.999813 0.00297336 13.4997 -0.392266 0.00475655 0.919839 -216.723 
362 0.92229 -0.0283593 0.385457 -24.7772 0.0288542 0.999573 0.0045017 13.8335 -0.38542 0.0069702 0.922715 -217.958 
364 0.925525 -0.0290781 0.377568 -22.9233 0.0290594 0.999561 0.0057475 13.6446 -0.377569 0.00565245 0.925964 -219.247 
366 0.929031 -0.0278849 0.36895 -20.8692 0.0271097 0.999606 0.00728615 13.255 -0.369008 0.00323304 0.929421 -220.553 
368 0.932838 -0.0285795 0.359161 -18.5579 0.0274579 0.999589 0.00822451 13.1382 -0.359248 0.00218967 0.93324 -221.823 
370 0.935996 -0.0317564 0.350576 -16.5664 0.0302697 0.999494 0.00972121 13.0519 -0.350708 0.00151284 0.936484 -223.053 
372 0.939295 -0.0292493 0.341863 -14.4777 0.026271 0.999566 0.0133397 12.1076 -0.342105 -0.00354882 0.939655 -224.795 
374 0.942845 -0.0275465 0.332091 -12.1112 0.0234631 0.999592 0.0163005 11.3275 -0.332405 -0.00757698 0.943106 -225.578 
376 0.946466 -0.0269133 0.321681 -9.61457 0.0236977 0.999622 0.0139085 11.9166 -0.321934 -0.00554087 0.946746 -226.747 
378 0.949795 -0.0282995 0.311592 -7.22384 0.02753 0.999597 0.00686876 13.7567 -0.311661 0.00205421 0.950191 -227.829 
380 0.953506 -0.0308623 0.299789 -4.41967 0.0298411 0.999523 0.00798532 13.7771 -0.299893 0.00133199 0.953972 -229.763 
382 0.957771 -0.0303407 0.285926 -1.08014 0.0272891 0.99952 0.0146521 12.2232 -0.286233 -0.00623065 0.95814 -231.374 
384 0.962055 -0.0320866 0.270962 2.47519 0.028628 0.99945 0.0167079 11.8787 -0.271349 -0.00831681 0.962445 -231.982 
386 0.976724 -0.0348401 0.21165 16.4412 0.0348281 0.999386 0.00378581 15.6175 -0.211652 0.00367368 0.977338 -234.19 
387 0.986133 -0.00305543 0.165928 27.8949 0.00336578 0.999993 -0.00158921 14.7398 -0.165922 0.00212565 0.986137 -236.291 
389 0.988663 -0.00213931 0.150135 31.5976 0.00228584 0.999997 -0.000803417 14.544 -0.150132 0.00113749 0.988665 -236.398 
391 0.990963 0.00193072 0.134119 35.4674 -0.00171073 0.999997 -0.00175547 14.5509 -0.134122 0.00151016 0.990964 -236.953 
393 0.992983 0.00699741 0.118047 39.4731 -0.00677827 0.999974 -0.00225777 14.3961 -0.118059 0.00144178 0.993005 -237.786 
395 0.994588 0.0102036 0.103394 42.911 -0.00996428 0.999946 -0.00283086 14.3507 -0.103418 0.00178529 0.994636 -237.8 
397 0.996 0.00989501 0.0888036 46.3998 -0.00983251 0.999951 -0.00114127 14.0205 -0.0888106 0.000263538 0.996049 -238.192 
399 0.997112 0.0103894 0.075226 49.6491 -0.01021 0.999944 -0.00276868 14.4274 -0.0752506 0.00199263 0.997163 -238.565 
401 0.998022 0.00826657 0.0623201 52.7078 -0.00794276 0.999954 -0.00544193 15.2751 -0.0623621 0.00493618 0.998041 -238.918 
403 0.998741 0.00651612 0.0497415 55.7522 -0.00615906 0.999954 -0.00732807 15.9198 -0.049787 0.00701249 0.998735 -239.479 
406 0.999533 0.00194441 0.0305025 60.2614 -0.0016663 0.999957 -0.00914052 16.7119 -0.030519 0.00908542 0.999493 -239.555 
408 0.999836 0.00133079 0.0180699 63.2071 -0.00117725 0.999963 -0.00850522 16.6536 -0.0180805 0.00848255 0.999801 -239.875 
410 0.999986 0.000784062 0.00527204 66.3346 -0.000743854 0.999971 -0.00762442 16.5576 -0.00527786 0.00762039 0.999957 -240.276 
412 0.999972 0.00143427 -0.00737645 69.3187 -0.00149211 0.999968 -0.00784216 16.5948 0.00736497 0.00785294 0.999942 -240.175 
414 0.999798 0.000677077 -0.0200995 72.362 -0.000866691 0.999955 -0.00942652 17.0773 0.0200922 0.00944203 0.999754 -240.235 
416 0.999474 0.000979071 -0.0324036 75.3219 -0.00129714 0.999951 -0.00979639 17.1967 0.0323924 0.00983328 0.999427 -240.308 
418 0.998985 0.0011144 -0.0450312 78.3564 -0.00154644 0.999953 -0.0095606 17.1813 0.0450185 0.00962053 0.99894 -240.318 
420 0.998353 0.00200083 -0.0573361 81.3264 -0.0025082 0.999958 -0.00877847 16.9811 0.0573162 0.00890782 0.998316 -240.33 
422 0.997557 0.00496426 -0.0696767 84.3384 -0.00553147 0.999953 -0.00795004 16.631 0.069634 0.00831604 0.997538 -240.293 
424 0.996609 0.00630061 -0.0820424 87.3542 -0.00693283 0.999948 -0.00742341 16.4697 0.0819914 0.00796703 0.996601 -240.369 
426 0.995418 0.0126526 -0.0947761 90.4887 -0.0132639 0.999895 -0.00582258 15.697 0.0946925 0.007053 0.995482 -240.08 
428 0.994196 0.0185229 -0.105979 93.2634 -0.019479 0.999778 -0.00799349 15.8681 0.105807 0.0100115 0.994336 -239.998 
430 0.992963 0.0210692 -0.116538 95.845 -0.0227537 0.999655 -0.0131431 16.9794 0.116221 0.0157023 0.993099 -239.897 
432 0.991939 0.0232392 -0.12457 97.8176 -0.0254674 0.999542 -0.0163246 17.6482 0.124134 0.0193655 0.992077 -240.048 
434 0.991301 0.0261426 -0.128993 98.9508 -0.0280013 0.999528 -0.0126164 16.6287 0.128602 0.0161186 0.991565 -240.886 
436 0.990852 0.0271242 -0.132196 99.7234 -0.0285006 0.999557 -0.00853054 15.5979 0.131906 0.0122202 0.991187 -241.386 
438 0.990487 0.0244285 -0.135424 100.483 -0.025856 0.999627 -0.0087919 15.8932 0.135158 0.0122098 0.990749 -242.059 
440 0.99012 0.0224723 -0.138413 101.197 -0.0239348 0.999674 -0.00891067 16.1095 0.138168 0.0121355 0.990335 -242.755 
442 0.989693 0.0233571 -0.141288 101.924 -0.0248674 0.999651 -0.008933 16.1096 0.14103 0.0123544 0.989928 -243.458 
444 0.989185 0.0248247 -0.144555 102.789 -0.0263219 0.999618 -0.00845325 15.9581 0.14429 0.0121668 0.989461 -244.347 
446 0.988693 0.0240132 -0.148022 103.607 -0.0259903 0.999597 -0.0114367 16.7821 0.147687 0.0151545 0.988918 -244.706 
448 0.988296 0.0237749 -0.150684 104.27 -0.026008 0.999579 -0.0128662 17.2054 0.150314 0.0166346 0.988498 -245.401 
450 0.987895 0.0247817 -0.153131 104.897 -0.0273442 0.999519 -0.0146503 17.6331 0.152695 0.0186602 0.988097 -246.112 
452 0.987432 0.0253826 -0.155993 105.62 -0.0279036 0.999513 -0.0139924 17.4842 0.155561 0.0181693 0.987659 -246.822 
454 0.986901 0.0247668 -0.159416 106.471 -0.0273071 0.999532 -0.0137643 17.5193 0.159 0.0179371 0.987116 -247.478 
456 0.986345 0.0255637 -0.162697 107.308 -0.0281804 0.999508 -0.0137952 17.5211 0.162264 0.0181917 0.98658 -248.073 
458 0.986207 0.0257422 -0.163504 107.574 -0.0285984 0.999476 -0.0151391 17.9118 0.163028 0.0196063 0.986427 -249.142 
460 0.986089 0.0237059 -0.164519 107.775 -0.0266544 0.999521 -0.0157369 18.2677 0.164067 0.0199032 0.986248 -250.204 
462 0.985971 0.0223913 -0.165406 107.997 -0.0249871 0.999595 -0.0136291 17.8761 0.165034 0.0175709 0.986131 -251.143 
464 0.985814 0.0205852 -0.166575 108.302 -0.0226539 0.999688 -0.0105284 17.2508 0.166307 0.0141527 0.985972 -252.003 
466 0.985674 0.0188655 -0.167604 108.528 -0.0208057 0.999735 -0.00982764 17.244 0.167374 0.013174 0.985805 -253.004 
468 0.985576 0.0176763 -0.168307 108.709 -0.0195444 0.999764 -0.00944949 17.2759 0.1681 0.0126027 0.985689 -253.931 
470 0.985503 0.0152918 -0.168966 108.872 -0.017417 0.999787 -0.0111026 17.9095 0.16876 0.0138846 0.985559 -254.799 
472 0.985475 0.0147583 -0.169176 108.907 -0.0170011 0.999786 -0.0118165 18.1913 0.168966 0.0145211 0.985515 -255.86 
474 0.985372 0.0141186 -0.16983 109.075 -0.0158575 0.999835 -0.00888692 17.531 0.169677 0.01145 0.985433 -256.867 
476 0.985074 0.00961835 -0.171864 109.559 -0.0115059 0.999884 -0.00998982 18.1597 0.171748 0.0118182 0.98507 -257.63 
478 0.984524 0.00763928 -0.175083 110.37 -0.0101839 0.999855 -0.0136401 19.2969 0.174953 0.015212 0.984459 -258.272 
480 0.983843 0.00890276 -0.178813 111.371 -0.0119652 0.9998 -0.0160556 19.9056 0.178634 0.0179357 0.983752 -258.837 
482 0.98305 0.00979703 -0.183077 112.512 -0.0125519 0.999825 -0.0138947 19.3328 0.182909 0.0159571 0.983 -259.426 
484 0.982327 0.0127514 -0.186736 113.524 -0.0146849 0.999852 -0.00897453 17.8989 0.186594 0.0115581 0.982369 -260.129 
486 0.982011 0.016338 -0.188113 113.942 -0.0172523 0.999846 -0.00322381 16.2015 0.188032 0.0064112 0.982142 -261.098 
488 0.981745 0.0195198 -0.189197 114.282 -0.0210814 0.999758 -0.00624503 16.8535 0.189029 0.0101196 0.981919 -261.916 
490 0.981633 0.0177106 -0.189953 114.463 -0.020656 0.999695 -0.013537 18.9726 0.189656 0.017212 0.9817 -262.796 
492 0.981482 0.0181141 -0.190695 114.675 -0.0216975 0.999625 -0.0167197 19.8651 0.190321 0.0205477 0.981507 -263.694 
494 0.981319 0.0182887 -0.191517 114.903 -0.0210906 0.999698 -0.0126015 18.8058 0.191229 0.0164053 0.981408 -264.715 
496 0.981003 0.0170358 -0.193244 115.357 -0.0193221 0.999764 -0.00995239 18.2234 0.193029 0.0134972 0.9811 -265.604 
498 0.980487 0.0151296 -0.195998 116.08 -0.0172949 0.999807 -0.00934096 18.2287 0.195819 0.0125485 0.98056 -266.302 
500 0.979948 0.0156394 -0.198639 116.81 -0.0179936 0.999788 -0.0100521 18.4486 0.198439 0.0134247 0.980021 -267.051 
502 0.979474 0.0183585 -0.200732 117.423 -0.0206619 0.999742 -0.00938623 18.1538 0.200508 0.0133411 0.979601 -267.847 
504 0.979069 0.0216605 -0.202374 117.918 -0.0238842 0.999678 -0.00855205 17.7734 0.202124 0.0132066 0.979271 -268.667 
506 0.978813 0.0220357 -0.203567 118.261 -0.0243989 0.999661 -0.00910625 17.9603 0.203297 0.0138801 0.979019 -269.586 
508 0.978641 0.0215735 -0.20444 118.501 -0.0238093 0.999681 -0.00848255 17.8753 0.204192 0.013169 0.978842 -270.53 
510 0.978451 0.0233195 -0.20516 118.73 -0.0259568 0.999611 -0.0101726 18.2896 0.204843 0.0152787 0.978676 -271.445 
512 0.978367 0.025686 -0.205277 118.802 -0.0286737 0.999522 -0.0115928 18.5966 0.204881 0.0172281 0.978635 -272.431 
514 0.978398 0.0268159 -0.204985 118.737 -0.0300891 0.999464 -0.012867 18.9421 0.20453 0.0187568 0.978681 -273.474 
516 0.978634 0.0271301 -0.203812 118.426 -0.0304627 0.999448 -0.0132311 19.0845 0.20334 0.019157 0.978921 -274.637 
518 0.978912 0.0249809 -0.202751 118.103 -0.0286016 0.999479 -0.014947 19.7564 0.202272 0.0204308 0.979116 -275.756 
520 0.979134 0.0253955 -0.201624 117.765 -0.0289509 0.999473 -0.014704 19.7242 0.201144 0.0202344 0.979353 -276.889 
522 0.979259 0.026762 -0.200836 117.599 -0.0301299 0.999452 -0.0137309 19.4247 0.200359 0.0194973 0.979529 -278.053 
524 0.979368 0.0260488 -0.200401 117.472 -0.0295814 0.999455 -0.014653 19.7861 0.199911 0.0202789 0.979604 -279.11 
526 0.979572 0.0220499 -0.199881 117.273 -0.0257757 0.999539 -0.0160569 20.4826 0.199435 0.0208809 0.979689 -280.171 
528 0.979746 0.0214645 -0.199091 117.047 -0.0253241 0.999537 -0.0168598 20.805 0.198637 0.0215601 0.979836 -281.271 
530 0.979896 0.0203572 -0.198467 116.85 -0.0241547 0.999568 -0.0167315 20.8922 0.198041 0.0211891 0.979965 -282.344 
532 0.979895 0.0174008 -0.198756 116.902 -0.0212377 0.999627 -0.017189 21.2543 0.198383 0.0210645 0.979898 -283.33 
534 0.980011 0.0148593 -0.198386 116.764 -0.0184009 0.999702 -0.0160202 21.1257 0.198089 0.0193504 0.979993 -284.418 
536 0.980104 0.00876221 -0.198292 116.628 -0.0126678 0.99975 -0.0184362 22.2448 0.19808 0.0205813 0.97997 -285.416 
538 0.980275 0.00142955 -0.197635 116.347 -0.00603663 0.999724 -0.0227106 23.9765 0.197548 0.0234557 0.980013 -286.429 
540 0.980286 0.00629951 -0.197483 116.386 -0.0103351 0.999758 -0.0194109 22.7911 0.197313 0.0210692 0.980114 -287.531 
542 0.980143 0.00451034 -0.198243 116.585 -0.00665538 0.999926 -0.0101553 20.2392 0.198183 0.011273 0.9801 -288.662 
544 0.979944 0.00352813 -0.199244 116.873 -0.00441815 0.999982 -0.00402255 18.5411 0.199226 0.00482216 0.979942 -289.691 
546 0.980008 0.00698018 -0.198837 116.791 -0.00814721 0.999954 -0.00505173 18.6973 0.198793 0.0065707 0.98002 -290.697 
548 0.979833 0.00925343 -0.199604 117.081 -0.0111726 0.999902 -0.00849045 19.6487 0.199506 0.0105493 0.97984 -291.611 
550 0.979638 0.0112615 -0.200457 117.373 -0.0136893 0.999849 -0.0107289 20.258 0.200306 0.0132546 0.979644 -292.492 
552 0.979463 0.0148761 -0.201073 117.616 -0.0174953 0.999784 -0.0112553 20.2665 0.200862 0.014542 0.979512 -293.422 
554 0.979275 0.0166108 -0.201851 117.88 -0.0191771 0.999758 -0.010765 20.0775 0.201624 0.0144128 0.979357 -294.359 
556 0.979117 0.0161505 -0.202657 118.122 -0.0185268 0.99978 -0.00983455 19.8802 0.202453 0.0133838 0.9792 -295.313 
558 0.979296 0.0176887 -0.201659 117.849 -0.0198798 0.999763 -0.00884488 19.5502 0.201455 0.0126707 0.979416 -296.475 
560 0.979489 0.0194869 -0.200555 117.548 -0.0221343 0.999695 -0.010966 20.149 0.20028 0.0151802 0.979621 -297.591 
562 0.979592 0.0201685 -0.19998 117.39 -0.0230419 0.999662 -0.012051 20.4985 0.199669 0.016413 0.979726 -298.665 
564 0.979802 0.0187416 -0.199089 117.103 -0.021279 0.999717 -0.0106127 20.1989 0.198834 0.0146348 0.979924 -299.837 
566 0.980263 0.0190594 -0.196776 116.407 -0.0208268 0.999759 -0.00691613 19.1065 0.196597 0.0108778 0.980424 -301.221 
568 0.980683 0.0166164 -0.194896 115.795 -0.0183782 0.999805 -0.00723478 19.3963 0.194738 0.0106769 0.980797 -302.483 
570 0.980721 0.0148015 -0.194851 115.758 -0.0170209 0.999808 -0.00972049 20.3203 0.194669 0.0128496 0.980785 -303.485 
572 0.980438 0.0140568 -0.196324 116.173 -0.016739 0.999788 -0.0120095 21.1213 0.196113 0.0150609 0.980466 -304.205 
575 0.979977 0.0193457 -0.198171 116.872 -0.0220884 0.999688 -0.0116387 20.8057 0.197884 0.0157829 0.980098 -305.629 
578 0.979781 0.0280655 -0.198097 116.994 -0.030987 0.999452 -0.0116623 20.4199 0.197661 0.0175649 0.980113 -307.169 
581 0.979994 0.0308084 -0.196626 116.58 -0.0339389 0.999345 -0.0125706 20.6435 0.19611 0.0189924 0.980398 -308.873 
583 0.980248 0.0310509 -0.195322 116.151 -0.034157 0.999338 -0.0125538 20.6797 0.194802 0.0189774 0.980659 -309.992 
585 0.980469 0.0319895 -0.194055 115.796 -0.0348065 0.999332 -0.011123 20.2391 0.193569 0.0176601 0.980928 -311.279 
587 0.980652 0.0343942 -0.192714 115.415 -0.0367016 0.999291 -0.00841488 19.3092 0.192288 0.015325 0.981219 -312.525 
589 0.980921 0.0365565 -0.190941 114.888 -0.0387602 0.999218 -0.00781774 19.0593 0.190506 0.0150695 0.98157 -313.784 
591 0.981324 0.0371499 -0.188742 114.2 -0.0396676 0.999167 -0.00957791 19.6492 0.188229 0.016886 0.98198 -315.051 
593 0.981858 0.0357717 -0.186212 113.372 -0.0386417 0.999183 -0.0118047 20.501 0.185638 0.0187861 0.982439 -316.349 
595 0.982329 0.035673 -0.183732 112.578 -0.0384125 0.999197 -0.0113715 20.4278 0.183179 0.0182282 0.982911 -317.688 
597 0.982781 0.0335218 -0.181709 111.894 -0.0362066 0.999278 -0.0114775 20.6364 0.181193 0.0178589 0.983285 -318.967 
599 0.983012 0.0302808 -0.181025 111.589 -0.033128 0.99937 -0.0127244 21.2689 0.180526 0.0185053 0.983396 -320.024 
601 0.983181 0.0275097 -0.180552 111.433 -0.0307676 0.99941 -0.0152678 22.3053 0.180026 0.0205662 0.983447 -321.121 
603 0.983435 0.0220657 -0.179915 111.141 -0.0256721 0.999513 -0.0177414 23.4595 0.179436 0.0220663 0.983522 -322.193 
605 0.98368 0.0169944 -0.17912 110.801 -0.0209096 0.999581 -0.019993 24.521 0.178706 0.023412 0.983624 -323.284 
607 0.984213 0.00987562 -0.176712 109.893 -0.0140248 0.999654 -0.0222465 25.6927 0.176431 0.0243737 0.984011 -324.553 
609 0.984625 0.0122828 -0.174251 109.129 -0.0150262 0.999783 -0.0144335 23.057 0.174036 0.0168299 0.984595 -326.041 
611 0.985165 0.012865 -0.171127 108.069 -0.0140578 0.999885 -0.00576001 20.2143 0.171034 0.00808024 0.985232 -327.674 
613 0.985475 0.00923335 -0.169568 107.536 -0.0104149 0.999927 -0.00607964 20.553 0.169499 0.00775736 0.9855 -328.805 
615 0.985889 0.00964237 -0.167125 106.734 -0.0121349 0.99983 -0.0138992 23.2042 0.166963 0.0157311 0.985838 -329.936 
617 0.985952 0.0149813 -0.166355 106.568 -0.0172483 0.999777 -0.0121907 22.43 0.166136 0.0148888 0.98599 -331.084 
619 0.986 0.0176776 -0.165807 106.441 -0.0188196 0.999809 -0.0053192 20.0439 0.165681 0.00836516 0.986144 -332.315 
621 0.986156 0.0184928 -0.164788 106.086 -0.0192127 0.999812 -0.0027757 19.2013 0.164706 0.00590329 0.986325 -333.577 
624 0.986691 0.0222302 -0.161078 104.929 -0.0234911 0.999706 -0.00592778 20.1661 0.160899 0.00963278 0.986924 -335.396 
627 0.987392 0.0247606 -0.156344 103.368 -0.0256263 0.999665 -0.00352302 19.3124 0.156205 0.00748513 0.987696 -337.49 
630 0.987859 0.0249868 -0.153332 102.352 -0.0260258 0.99965 -0.00477268 19.8142 0.153159 0.00870531 0.988163 -339.321 
633 0.988047 0.0236508 -0.152327 101.998 -0.0251827 0.99965 -0.0081353 21.1885 0.152081 0.0118741 0.988297 -342.097 
636 0.987999 0.0264207 -0.152181 102.007 -0.0275805 0.999604 -0.00551482 20.1685 0.151975 0.00964587 0.988337 -342.515 
638 0.987983 0.0267675 -0.152227 102.034 -0.0284558 0.999555 -0.00892264 21.3865 0.151921 0.0131472 0.988305 -343.472 
640 0.988029 0.0263293 -0.152004 101.951 -0.0285528 0.999515 -0.0124637 22.6974 0.151602 0.0166547 0.988301 -344.447 
642 0.988283 0.0268709 -0.150249 101.354 -0.0292804 0.999475 -0.0138473 23.2215 0.149799 0.0180844 0.988551 -345.656 
644 0.988651 0.0274042 -0.147708 100.42 -0.0293535 0.999508 -0.0110326 22.2461 0.147333 0.0152432 0.988969 -346.334 
647 0.989213 0.0260782 -0.144146 99.2132 -0.0277201 0.999572 -0.00939373 21.8528 0.143839 0.0132881 0.989512 -348.958 
649 0.989662 0.022471 -0.141646 98.2711 -0.0244889 0.999622 -0.0125185 23.2133 0.141311 0.0158578 0.989838 -350.695 
651 0.989798 0.0205459 -0.140988 97.9787 -0.0228471 0.999631 -0.014723 24.1277 0.140633 0.0177939 0.989902 -351.374 
653 0.990094 0.0195763 -0.139035 97.3099 -0.021917 0.999642 -0.0153247 24.5555 0.138686 0.0182201 0.990169 -354.403 
654 0.99012 0.0179563 -0.139066 97.2964 -0.0202727 0.999678 -0.0152585 24.6607 0.138747 0.017927 0.990166 -355.3 
655 0.990175 0.0172336 -0.138765 97.1811 -0.0195105 0.999696 -0.0150647 24.6785 0.138463 0.0176241 0.990211 -356.263 
656 0.990212 0.0162935 -0.138614 97.1185 -0.0185899 0.99971 -0.0152879 24.8526 0.138324 0.0177151 0.990229 -357.248 
657 0.990277 0.0144559 -0.138354 97.0006 -0.0169126 0.999719 -0.0165974 25.4671 0.138075 0.018776 0.990244 -358.159 
658 0.99035 0.00847864 -0.138329 96.8914 -0.0112533 0.999751 -0.0192888 26.7574 0.138131 0.0206593 0.990199 -358.789 
659 0.990426 0.00399528 -0.137988 96.6368 -0.00702371 0.999745 -0.0214671 27.6306 0.137867 0.0222307 0.990201 -356.925 
661 0.990499 0.00752527 -0.137317 96.5207 -0.0102016 0.999771 -0.0187966 26.7096 0.137144 0.0200188 0.990349 -360.276 
663 0.990341 0.0068357 -0.138488 96.9386 -0.00907714 0.999838 -0.01556 25.62 0.138359 0.0166668 0.990242 -361.235 
665 0.989951 0.00352096 -0.141368 97.9307 -0.0058142 0.999858 -0.015812 25.9111 0.141292 0.016475 0.989831 -361.839 
667 0.989741 -9.04797e-05 -0.142876 98.4082 -0.0030556 0.999758 -0.0218 28.304 0.142844 0.022013 0.9895 -362.193 
669 0.989495 -0.00904418 -0.144283 98.5508 0.00501196 0.999587 -0.0282855 30.8986 0.14448 0.0272653 0.989132 -359.563 
671 0.989328 0.00106224 -0.145704 99.4498 -0.00136854 0.999997 -0.00200195 21.1366 0.145702 0.00217998 0.989326 -365.874 
674 0.989288 0.00290427 -0.145951 99.6334 -0.00426834 0.99995 -0.0090338 23.7915 0.145917 0.00955999 0.989251 -368.219 
676 0.989508 0.006302 -0.144344 99.1036 -0.00830495 0.999877 -0.0132779 25.2757 0.144242 0.0143373 0.989439 -369.228 
678 0.989523 0.0100821 -0.144023 99.0587 -0.011767 0.999872 -0.010852 24.257 0.143895 0.012433 0.989515 -370.249 
680 0.989482 0.0105716 -0.144266 99.0833 -0.0116255 0.999912 -0.00646436 22.5682 0.144185 0.00807353 0.989518 -369.634 
682 0.989484 0.0106836 -0.144248 99.1589 -0.011778 0.999908 -0.00673501 22.7849 0.144163 0.00836313 0.989519 -372.192 
684 0.989511 0.0139962 -0.14378 99.0488 -0.0151589 0.999861 -0.00699422 22.7873 0.143662 0.0091004 0.989585 -373.088 
686 0.989452 0.015823 -0.143992 99.0633 -0.0171625 0.99982 -0.00806518 23.089 0.143839 0.0104514 0.989546 -372.335 
689 0.989395 0.0210508 -0.143719 99.1617 -0.0220609 0.999742 -0.00543798 22.0219 0.143568 0.00855089 0.989604 -375.477 
691 0.98937 0.0232126 -0.143552 99.1376 -0.0242038 0.999694 -0.00516162 21.8707 0.143389 0.00858126 0.989629 -376.412 
693 0.989463 0.0216388 -0.143161 98.9633 -0.0233138 0.999678 -0.0100324 23.8442 0.142898 0.0132643 0.989649 -377.296 
695 0.989506 0.0222426 -0.142769 98.8269 -0.0243131 0.999623 -0.0127738 24.9161 0.142431 0.0161109 0.989674 -378.173 
697 0.989635 0.024582 -0.141487 98.3795 -0.0265538 0.999575 -0.0120648 24.6024 0.14113 0.0156967 0.989867 -379.24 
699 0.989615 0.0237651 -0.141766 98.4726 -0.0253762 0.999632 -0.00956747 23.7303 0.141487 0.0130656 0.989854 -380.205 
701 0.989743 0.0223567 -0.1411 98.1931 -0.0237916 0.999681 -0.00849047 23.4242 0.140866 0.0117604 0.989959 -381.2 
703 0.989831 0.0224771 -0.140465 97.9509 -0.0238771 0.999681 -0.00828935 23.3862 0.140234 0.0115589 0.990051 -382.134 
705 0.989972 0.0218698 -0.139558 97.5189 -0.0233301 0.999689 -0.00883618 23.6281 0.139322 0.0120035 0.990174 -382.193 
708 0.990066 0.0220769 -0.138861 97.3204 -0.0236008 0.999678 -0.0093368 23.9469 0.13861 0.0125213 0.990268 -384.57 
711 0.990302 0.0250388 -0.136653 96.5198 -0.0263853 0.999619 -0.00805076 23.401 0.136399 0.0115783 0.990586 -386.143 
714 0.990669 0.0254398 -0.133895 95.4565 -0.0269071 0.999596 -0.00915989 23.897 0.133607 0.0126771 0.990953 -387.753 
717 0.99097 0.0256989 -0.1316 94.5659 -0.0276219 0.999536 -0.0128077 25.3934 0.13121 0.0163271 0.99122 -389.193 
720 0.99118 0.0238042 -0.130364 94.0469 -0.0262856 0.999504 -0.0173465 27.3356 0.129886 0.0206202 0.991314 -390.519 
723 0.991573 0.0264513 -0.126817 92.6535 -0.0289033 0.999428 -0.0175334 27.3113 0.126281 0.0210511 0.991771 -391.429 
