0 1 -1.29236e-05 -8.89986e-06 6.78311e-05 1.29235e-05 1 -3.77588e-06 -4.72485e-05 8.8999e-06 3.77576e-06 1 -1.69529e-05 
7 0.999918 0.00429299 0.0120247 0.00921892 -0.004292 0.999991 -0.000108515 0.24168 -0.0120251 5.68962e-05 0.999928 -4.5446 
10 0.999825 0.00574276 0.0178157 -0.00137727 -0.0057641 0.999983 0.00114661 0.339982 -0.0178088 -0.0012491 0.999841 -6.52414 
12 0.999761 0.00554246 0.021144 -0.0193032 -0.00555384 0.999984 0.000479226 0.412927 -0.021141 -0.000596542 0.999776 -7.82089 
15 0.999678 0.00300612 0.025178 -0.0313008 -0.00304352 0.999994 0.00144744 0.516822 -0.0251735 -0.0015236 0.999682 -9.81318 
17 0.999608 0.00190659 0.0279157 -0.0454396 -0.00201363 0.999991 0.00380684 0.564578 -0.0279081 -0.00386156 0.999603 -11.1141 
20 0.999482 0.00133663 0.0321628 -0.0832852 -0.00148704 0.999988 0.00465318 0.661123 -0.0321562 -0.00469859 0.999472 -13.1246 
23 0.999339 0.00187592 0.0362956 -0.124476 -0.00203508 0.999988 0.00434883 0.776864 -0.0362871 -0.00441982 0.999332 -15.115 
25 0.999225 0.00151919 0.0393367 -0.159965 -0.0017149 0.999986 0.00494195 0.839725 -0.0393286 -0.00500557 0.999214 -16.4562 
27 0.99911 1.03475e-05 0.0421844 -0.200299 -0.000272506 0.999981 0.00620884 0.889651 -0.0421835 -0.00621481 0.999091 -17.8015 
30 0.998923 -0.00213794 0.0463389 -0.258511 0.00184021 0.999977 0.00646672 0.995047 -0.0463517 -0.00637449 0.998905 -19.8493 
33 0.998694 -0.00135216 0.0510687 -0.343088 0.00117863 0.999993 0.0034278 1.17094 -0.051073 -0.00336313 0.998689 -21.8817 
36 0.99846 -0.000146657 0.0554787 -0.429271 0.000262992 0.999998 -0.00208964 1.40983 -0.0554783 0.00210101 0.998458 -23.9396 
39 0.998204 -0.000171666 0.0599083 -0.518821 0.000148112 1 0.0003976 1.45961 -0.0599084 -0.000388013 0.998204 -26.0108 
42 0.997902 0.000653979 0.0647463 -0.635419 -0.000961086 0.999988 0.00471221 1.45821 -0.0647425 -0.00476455 0.997891 -28.068 
45 0.997617 0.00123222 0.0689799 -0.739088 -0.00155079 0.999988 0.00456493 1.57189 -0.0689735 -0.00466102 0.997608 -30.1338 
48 0.997233 0.00161184 0.0743169 -0.895166 -0.0017437 0.999997 0.00170936 1.78236 -0.0743139 -0.00183422 0.997233 -32.2138 
51 0.996787 0.00118108 0.080093 -1.06213 -0.00150687 0.999991 0.00400727 1.82136 -0.0800875 -0.00411508 0.996779 -34.3028 
54 0.996199 0.00117445 0.0871 -1.29905 -0.00156022 0.999989 0.00436118 1.91608 -0.0870939 -0.0044805 0.99619 -36.394 
57 0.995638 0.00101652 0.093295 -1.49491 -0.00141571 0.99999 0.00421268 2.03627 -0.0932898 -0.00432639 0.99563 -38.4831 
60 0.994914 0.00255699 0.100693 -1.76462 -0.00318358 0.999977 0.00606248 2.07758 -0.100676 -0.00635222 0.994899 -40.5811 
63 0.994118 0.0047727 0.108195 -2.06663 -0.00544988 0.999967 0.00596402 2.19745 -0.108163 -0.00651859 0.994112 -42.674 
66 0.993273 0.00437215 0.11571 -2.37086 -0.00469894 0.999986 0.00255163 2.46445 -0.115697 -0.00307818 0.99328 -44.7646 
68 0.992759 0.00495126 0.120018 -2.55577 -0.00540663 0.999979 0.00346883 2.50247 -0.119999 -0.00409261 0.992766 -46.1565 
71 0.992118 0.00206149 0.125289 -2.79284 -0.00287489 0.999976 0.00631174 2.49624 -0.125273 -0.00662219 0.9921 -48.2656 
74 0.991171 0.00198064 0.132577 -3.13679 -0.00276862 0.99998 0.00575946 2.63902 -0.132563 -0.00607566 0.991156 -50.3811 
76 0.990453 0.000440393 0.137852 -3.39629 -0.00128322 0.999981 0.0060252 2.71254 -0.137847 -0.00614457 0.990434 -51.7868 
78 0.989617 0.000325456 0.143727 -3.69371 -0.00106439 0.999987 0.00506434 2.84399 -0.143724 -0.00516474 0.989604 -53.1926 
80 0.988795 0.00068256 0.149279 -3.97727 -0.00132239 0.99999 0.00418689 2.96467 -0.149275 -0.00433738 0.988786 -54.5876 
82 0.987969 0.00140125 0.154647 -4.26554 -0.00196217 0.999992 0.00347457 3.07849 -0.154641 -0.00373621 0.987964 -56.0457 
84 0.987125 6.17455e-05 0.15995 -4.55211 -0.000647418 0.999993 0.00360948 3.16315 -0.159949 -0.00366656 0.987118 -57.537 
86 0.986194 -0.000165986 0.165593 -4.86397 -0.000823338 0.999982 0.00590575 3.09766 -0.165591 -0.00596056 0.986176 -58.8091 
88 0.985266 -0.00202788 0.171018 -5.1826 0.000756669 0.999972 0.00749807 3.08966 -0.171029 -0.00725818 0.985239 -60.256 
90 0.984401 -0.00478323 0.175873 -5.45861 0.00359934 0.999969 0.00704993 3.20186 -0.175901 -0.00630694 0.984388 -61.5764 
92 0.983311 -0.00528942 0.181855 -5.82738 0.00428593 0.999973 0.00591062 3.36055 -0.181881 -0.00503256 0.983308 -62.9731 
94 0.982074 -0.00553163 0.188417 -6.2459 0.00455864 0.999974 0.00559698 3.48218 -0.188443 -0.00463772 0.982073 -64.6172 
96 0.980889 -0.00931803 0.194345 -6.62688 0.00783213 0.999934 0.0084127 3.38221 -0.194411 -0.00672979 0.980897 -65.8637 
98 0.979909 -0.0119745 0.199085 -6.94386 0.00981721 0.999882 0.0118195 3.24765 -0.199203 -0.00962762 0.979911 -67.328 
100 0.97893 -0.0145322 0.203677 -7.2519 0.0121503 0.999842 0.0129399 3.26293 -0.203833 -0.0101925 0.978953 -68.729 
102 0.978079 -0.0163554 0.207593 -7.51289 0.0141095 0.999825 0.0122949 3.39766 -0.207758 -0.00909631 0.978138 -70.1649 
105 0.976835 -0.0164303 0.213362 -7.94382 0.0150002 0.999853 0.00831982 3.83014 -0.213467 -0.00492662 0.976938 -72.58 
107 0.97594 -0.014056 0.217587 -8.22076 0.0126591 0.999889 0.00781252 3.93195 -0.217672 -0.00487009 0.97601 -73.9934 
109 0.975009 -0.0113392 0.221878 -8.51431 0.00996481 0.999924 0.00731285 4.01316 -0.221944 -0.00491912 0.975047 -75.1231 
111 0.974065 -0.0100559 0.226046 -8.82798 0.00868688 0.999937 0.00705028 4.11707 -0.226103 -0.0049038 0.974091 -76.7669 
114 0.972633 -0.00962431 0.232149 -9.27576 0.0082219 0.999942 0.00700786 4.21164 -0.232203 -0.00490737 0.972655 -78.6002 
117 0.971277 -0.0121262 0.237642 -9.70369 0.010656 0.999915 0.00747033 4.31668 -0.237713 -0.00472344 0.971324 -80.6666 
120 0.969845 -0.0120966 0.243422 -10.1724 0.0108254 0.99992 0.00655934 4.51463 -0.243482 -0.0037264 0.969898 -82.7074 
123 0.968486 -0.00881262 0.248913 -10.6055 0.00795411 0.999958 0.0044546 4.77849 -0.248942 -0.00233434 0.968516 -84.725 
125 0.967661 -0.00992744 0.252057 -10.881 0.00881523 0.999946 0.00554138 4.77989 -0.252099 -0.00314024 0.967696 -86.1021 
127 0.966834 -0.0110822 0.255165 -11.1455 0.00960834 0.999929 0.00702174 4.74141 -0.255225 -0.00433714 0.966872 -87.4528 
130 0.965481 -0.0149848 0.260043 -11.5825 0.0136501 0.999883 0.00693791 4.91188 -0.260116 -0.00314881 0.965572 -89.4851 
133 0.964265 -0.0157534 0.26447 -11.9755 0.0139583 0.999865 0.00866531 4.86823 -0.264571 -0.0046641 0.964355 -91.5111 
137 0.963015 -0.0184631 0.268813 -12.3935 0.0162505 0.999813 0.0104537 4.88675 -0.268956 -0.0056987 0.963136 -94.1458 
140 0.962289 -0.0159133 0.271563 -12.613 0.0135465 0.999852 0.010588 4.95283 -0.271692 -0.00651001 0.962362 -95.9995 
143 0.961585 -0.0153944 0.274076 -12.8356 0.013074 0.999862 0.0102913 5.08414 -0.274197 -0.00631265 0.961653 -97.9197 
146 0.96081 -0.0160007 0.276747 -13.1042 0.0126061 0.999822 0.0140409 4.82428 -0.276922 -0.0100019 0.96084 -99.84 
148 0.960297 -0.0176802 0.27842 -13.27 0.0141778 0.999793 0.0145885 4.86171 -0.27862 -0.0100619 0.960349 -101.152 
151 0.959208 -0.0172291 0.282175 -13.6763 0.0147349 0.999831 0.0109589 5.36903 -0.282316 -0.00635404 0.9593 -103.099 
154 0.957915 -0.0177704 0.286503 -14.1266 0.014792 0.999812 0.012557 5.31791 -0.286672 -0.00779055 0.957997 -104.875 
158 0.956245 -0.0193368 0.291928 -14.712 0.0166338 0.999793 0.0117383 5.57155 -0.292095 -0.0063688 0.956368 -107.237 
160 0.955453 -0.0232066 0.29423 -14.9733 0.0210791 0.999724 0.0104002 5.85671 -0.29439 -0.0037348 0.955678 -108.41 
164 0.954296 -0.0253625 0.297785 -15.3384 0.0224661 0.999661 0.0131458 5.70887 -0.298018 -0.0058549 0.954542 -110.476 
168 0.953547 -0.0297173 0.299775 -15.5977 0.026884 0.999546 0.0135724 5.91566 -0.300042 -0.00488278 0.953913 -113.354 
172 0.953047 -0.0318588 0.301141 -15.7738 0.0277229 0.999454 0.0179987 5.55466 -0.30155 -0.00880513 0.95341 -115.609 
175 0.953583 -0.0316869 0.299457 -15.5227 0.0267725 0.999431 0.0205009 5.32976 -0.299936 -0.0115321 0.95389 -117.317 
178 0.953754 -0.0328392 0.29879 -15.4467 0.0299151 0.999449 0.0143562 6.30457 -0.299097 -0.00475392 0.954211 -120.842 
181 0.95364 -0.0367414 0.298697 -15.4429 0.0355571 0.999323 0.00940009 7.21363 -0.298841 0.00165652 0.954302 -124.048 
184 0.953336 -0.0349214 0.299885 -15.595 0.0320647 0.999381 0.0144435 6.58981 -0.300204 -0.00415379 0.953866 -125.671 
186 0.953107 -0.0351264 0.300588 -15.7374 0.0317462 0.999366 0.0161238 6.43994 -0.300964 -0.00582518 0.953618 -126.441 
189 0.952541 -0.0347891 0.302415 -15.9727 0.0315736 0.999381 0.0155165 6.59604 -0.302767 -0.00523176 0.95305 -127.934 
194 0.952127 -0.0207567 0.304996 -16.1933 0.0159231 0.999705 0.018327 6.03192 -0.305286 -0.0125932 0.952177 -130.696 
198 0.951583 -0.014288 0.30706 -16.3986 0.0128042 0.999895 0.00684617 7.56387 -0.307126 -0.00258304 0.951665 -132.648 
202 0.951178 -0.0186628 0.308079 -16.4292 0.0159006 0.999808 0.0114742 7.09919 -0.308234 -0.0060154 0.951292 -133.702 
207 0.951069 -0.025861 0.307894 -16.4881 0.021929 0.999628 0.0162245 6.83288 -0.308199 -0.0086788 0.951282 -137.527 
212 0.951906 -0.0303213 0.304885 -16.0441 0.0269052 0.999519 0.0154009 7.25307 -0.305206 -0.00645724 0.952265 -140.423 
217 0.951735 -0.025117 0.305892 -16.1502 0.024537 0.999682 0.00574178 8.70472 -0.305939 0.002041 0.952049 -143.233 
220 0.951256 -0.0241546 0.307455 -16.3643 0.0220094 0.999703 0.0104433 8.06614 -0.307616 -0.00316738 0.951505 -144.964 
223 0.950725 -0.022684 0.309204 -16.6022 0.0190639 0.99971 0.0147246 7.44988 -0.309448 -0.00810438 0.950882 -146.653 
225 0.950405 -0.0220777 0.310231 -16.7317 0.0190233 0.999736 0.012868 7.78041 -0.310434 -0.00632815 0.950574 -147.718 
228 0.950059 -0.024556 0.311101 -16.8252 0.020904 0.999668 0.0150687 7.58091 -0.311368 -0.00781287 0.950257 -148.838 
232 0.949362 -0.0253695 0.313158 -17.1498 0.0225097 0.999665 0.012745 8.11884 -0.313376 -0.00505052 0.949616 -151.399 
237 0.948992 -0.0252635 0.314287 -17.3037 0.0227252 0.999673 0.0117382 8.43789 -0.314481 -0.00399724 0.949255 -154.215 
241 0.948509 -0.0261682 0.315666 -17.5054 0.0218848 0.999614 0.0171072 7.70782 -0.315992 -0.00931805 0.948716 -156.344 
245 0.948195 -0.0237461 0.316801 -17.6647 0.0203871 0.999695 0.013914 8.29681 -0.317035 -0.0067345 0.94839 -158.779 
248 0.948128 -0.0236264 0.317009 -17.6775 0.0210773 0.999712 0.0114685 8.80147 -0.317189 -0.0041919 0.948353 -160.459 
251 0.948359 -0.0216094 0.316462 -17.5529 0.0187419 0.999751 0.0121025 8.71467 -0.316645 -0.00554637 0.948528 -162.181 
254 0.948057 -0.019679 0.317492 -17.7001 0.0162923 0.999779 0.0133188 8.52733 -0.317684 -0.00745427 0.948167 -163.917 
257 0.946323 -0.0224162 0.322445 -18.5659 0.0174287 0.99968 0.0183471 7.84715 -0.322753 -0.0117425 0.94641 -165.56 
260 0.944172 -0.0243785 0.32855 -19.6404 0.0191869 0.999635 0.0190346 7.89341 -0.328894 -0.0116681 0.944295 -167.205 
262 0.942985 -0.0250618 0.331889 -20.2284 0.0205036 0.999641 0.0172294 8.30387 -0.332202 -0.00944215 0.943161 -168.274 
265 0.941289 -0.0248452 0.336688 -21.0656 0.0203689 0.999651 0.0168213 8.46456 -0.336988 -0.00897571 0.941466 -169.888 
268 0.938962 -0.0216481 0.343338 -22.2182 0.0179113 0.999741 0.0140517 8.93542 -0.343554 -0.00704437 0.939107 -171.446 
271 0.936114 -0.0212019 0.351057 -23.6049 0.0181328 0.999763 0.012028 9.37877 -0.351229 -0.00489388 0.936277 -172.969 
274 0.932968 -0.0246476 0.359115 -25.1104 0.0206029 0.999674 0.0150863 9.05283 -0.35937 -0.00667625 0.933171 -174.486 
277 0.92997 -0.026165 0.366703 -26.5229 0.0210886 0.999618 0.0178433 8.68961 -0.36703 -0.00886048 0.930167 -176.015 
280 0.92729 -0.0267873 0.373385 -27.7656 0.021368 0.999598 0.0186461 8.65965 -0.373734 -0.0093119 0.927489 -177.572 
282 0.925557 -0.0308135 0.377352 -28.5616 0.026631 0.999512 0.0162976 9.34811 -0.37767 -0.00503514 0.925927 -178.59 
284 0.924213 -0.0314033 0.380585 -29.1913 0.0282304 0.999505 0.0139176 9.90001 -0.380833 -0.00211881 0.924641 -179.633 
286 0.923412 -0.0305924 0.38259 -29.5406 0.0278285 0.999531 0.0127577 10.1455 -0.382801 -0.00113369 0.92383 -180.555 
289 0.92352 -0.0329004 0.382136 -29.4771 0.0296653 0.999457 0.0143562 10.0452 -0.3824 -0.0019221 0.923995 -182.533 
292 0.923222 -0.0322479 0.382911 -29.6132 0.0285544 0.999475 0.0153269 9.91882 -0.383204 -0.00321634 0.923658 -184.291 
295 0.92308 -0.0318849 0.383283 -29.6702 0.0281496 0.999486 0.0153518 9.99914 -0.383576 -0.00338166 0.923503 -186.046 
298 0.922738 -0.0324055 0.384062 -29.8185 0.0283371 0.999466 0.0162486 9.93786 -0.384384 -0.00411002 0.923164 -187.786 
301 0.922242 -0.0323301 0.385258 -30.0445 0.0273349 0.999456 0.0184372 9.58158 -0.385645 -0.00647255 0.922625 -189.53 
304 0.921582 -0.0326381 0.38681 -30.3524 0.0281472 0.999455 0.0172703 9.93126 -0.387162 -0.00502837 0.921998 -191.217 
306 0.921134 -0.0314695 0.387971 -30.5688 0.0272634 0.999495 0.0163423 10.1319 -0.388289 -0.00447602 0.921527 -192.338 
308 0.92064 -0.0302963 0.389235 -30.8027 0.0265986 0.999535 0.014887 10.4389 -0.389505 -0.00335245 0.921018 -193.416 
311 0.919742 -0.0285146 0.391486 -31.2298 0.0253028 0.999591 0.0133616 10.7582 -0.391706 -0.00238359 0.920087 -195.013 
314 0.918142 -0.0251874 0.395449 -32.0123 0.0208054 0.999665 0.0153666 10.2515 -0.395704 -0.00588128 0.918359 -196.581 
317 0.916202 -0.0236812 0.400016 -32.964 0.0194288 0.999703 0.014683 10.4113 -0.400245 -0.00568072 0.916391 -198.112 
320 0.913989 -0.0227309 0.405102 -34.0357 0.0180758 0.999719 0.0153133 10.3182 -0.405336 -0.00667363 0.914143 -199.471 
323 0.911196 -0.0236514 0.411294 -35.4159 0.0172232 0.999665 0.0193287 9.5905 -0.411613 -0.0105284 0.911298 -201.204 
326 0.907908 -0.0255355 0.41839 -36.9807 0.0187047 0.999617 0.0204203 9.54438 -0.418751 -0.0107139 0.908038 -202.611 
329 0.904476 -0.0243919 0.425827 -38.5741 0.0177852 0.999652 0.0194848 9.76266 -0.426154 -0.0100502 0.904595 -203.712 
332 0.900937 -0.0251632 0.43322 -40.2643 0.0185317 0.999638 0.0195239 9.90452 -0.433554 -0.00956149 0.901077 -205.299 
335 0.896393 -0.0244178 0.442588 -42.3704 0.0162153 0.99962 0.0223079 9.31026 -0.442964 -0.0128199 0.896448 -206.502 
338 0.891653 -0.0278908 0.45186 -44.5319 0.0189573 0.999525 0.0242869 9.13977 -0.452322 -0.0130894 0.891758 -207.626 
341 0.886961 -0.0227316 0.461284 -46.6304 0.0172874 0.999722 0.0160249 10.8352 -0.46152 -0.00623905 0.887108 -208.679 
344 0.88264 -0.0186151 0.46968 -48.5263 0.0136553 0.999809 0.0139645 11.1515 -0.469851 -0.00591201 0.882726 -209.823 
347 0.879426 -0.0160579 0.475764 -49.9201 0.00993193 0.999832 0.0153876 10.7387 -0.475931 -0.00880697 0.879438 -211.161 
350 0.878372 -0.0142884 0.477765 -50.3676 0.00812548 0.999855 0.0149636 10.811 -0.477909 -0.00926155 0.87836 -212.69 
353 0.87727 -0.0112828 0.479864 -50.8316 0.00505843 0.999885 0.0142622 10.8774 -0.47997 -0.0100845 0.877227 -214.186 
356 0.876103 -0.0114023 0.481989 -51.3364 0.0045183 0.999871 0.0154409 10.6921 -0.482102 -0.01135 0.876041 -215.7 
359 0.873449 -0.012748 0.48675 -52.5068 0.0049659 0.999838 0.0172747 10.421 -0.486891 -0.0126714 0.873371 -217.033 
362 0.870305 -0.0140143 0.492313 -53.882 0.00634713 0.999831 0.0172411 10.593 -0.492472 -0.0118802 0.870247 -218.189 
365 0.868092 -0.0179403 0.496079 -54.881 0.0105804 0.999788 0.0176419 10.8529 -0.49629 -0.0100661 0.868098 -219.631 
368 0.865854 -0.0195093 0.499916 -55.8563 0.0118032 0.999758 0.0185726 10.8155 -0.500157 -0.0101806 0.865875 -220.999 
371 0.8635 -0.0202723 0.503942 -56.8827 0.0124466 0.999744 0.0188901 10.8784 -0.504196 -0.0100392 0.863531 -222.327 
373 0.861097 -0.0213199 0.507994 -57.9289 0.0129886 0.999717 0.0199399 10.7388 -0.508275 -0.010572 0.86113 -223.135 
375 0.858635 -0.021813 0.512123 -58.9888 0.0135042 0.99971 0.0199395 10.8304 -0.51241 -0.010205 0.85868 -223.906 
377 0.855962 -0.0245492 0.516456 -60.1459 0.0154231 0.99964 0.0219549 10.5589 -0.516809 -0.0108272 0.856032 -224.664 
380 0.852915 -0.0273704 0.521332 -61.4546 0.0178141 0.999569 0.0233339 10.4882 -0.521746 -0.0106148 0.853035 -225.888 
383 0.849992 -0.0293035 0.52598 -62.704 0.020421 0.999534 0.0226855 10.8966 -0.5264 -0.00854144 0.850194 -227.076 
386 0.8479 -0.0308026 0.529261 -63.5759 0.02238 0.9995 0.0223164 11.2032 -0.529684 -0.00707723 0.848165 -228.398 
389 0.846711 -0.0317928 0.531103 -64.0968 0.0233022 0.999471 0.0226806 11.272 -0.531543 -0.00682805 0.847004 -229.942 
392 0.846259 -0.0273823 0.532067 -64.2621 0.0203664 0.999611 0.019051 11.9941 -0.532382 -0.0052858 0.846488 -231.416 
395 0.846876 -0.0266723 0.531121 -63.9895 0.019853 0.999631 0.0185447 12.1647 -0.531419 -0.00516076 0.847093 -233.097 
398 0.848388 -0.0251557 0.528778 -63.3176 0.0163417 0.999639 0.0213369 11.3601 -0.529123 -0.00946078 0.848492 -234.89 
401 0.84913 -0.0218695 0.52773 -63.0509 0.0130042 0.999705 0.0205043 11.4323 -0.528023 -0.0105481 0.849164 -237.047 
404 0.850453 -0.0248605 0.525464 -62.3724 0.0158143 0.999639 0.0216994 11.4119 -0.525814 -0.0101445 0.850539 -238.255 
407 0.852451 -0.034803 0.521647 -61.4574 0.026766 0.999379 0.0229365 11.9955 -0.522121 -0.00558982 0.852853 -239.993 
410 0.854943 -0.0267596 0.518032 -60.2988 0.0160076 0.999554 0.0252148 10.7678 -0.518475 -0.0132648 0.85499 -241.887 
413 0.85828 -0.0294436 0.512337 -58.73 0.017018 0.999437 0.0289279 10.0386 -0.5129 -0.0161093 0.858297 -243.853 
416 0.859984 -0.0260982 0.509654 -57.9898 0.0178784 0.999619 0.0210204 12.1101 -0.510008 -0.0089654 0.860123 -245.982 
419 0.862877 -0.0285732 0.504606 -56.5068 0.019661 0.999543 0.0229784 11.8406 -0.505031 -0.00990646 0.863044 -247.417 
422 0.865198 -0.0320192 0.500407 -55.3576 0.0227218 0.999438 0.0246646 11.745 -0.500916 -0.00996959 0.865439 -249.244 
425 0.867753 -0.0327305 0.495917 -54.0736 0.0258535 0.999451 0.0207254 13.0322 -0.496323 -0.00516337 0.868123 -251.015 
428 0.870083 -0.0324646 0.491835 -52.8844 0.0267603 0.999468 0.0186314 13.7048 -0.492178 -0.00304924 0.870489 -252.753 
431 0.872643 -0.0305402 0.487402 -51.5579 0.0227006 0.999501 0.0219848 12.6533 -0.48783 -0.00812058 0.872901 -254.614 
434 0.874811 -0.0278079 0.483665 -50.4156 0.0180054 0.999528 0.0249004 11.6495 -0.484129 -0.0130746 0.874899 -256.52 
437 0.877197 -0.0253039 0.479463 -49.1597 0.0148181 0.999561 0.0256419 11.2968 -0.479902 -0.0153882 0.877187 -258.558 
439 0.879093 -0.0256497 0.47596 -48.1263 0.0162276 0.999583 0.0238958 11.9264 -0.476374 -0.0132829 0.879142 -260.005 
441 0.880734 -0.0230854 0.473048 -47.2322 0.014245 0.999651 0.0222625 12.2339 -0.473397 -0.0128687 0.880755 -261.214 
443 0.88269 -0.0219453 0.469443 -46.1575 0.0137825 0.999688 0.0208179 12.6127 -0.469753 -0.0119056 0.882717 -262.399 
445 0.884729 -0.0228748 0.465544 -45.0126 0.0158195 0.999693 0.019057 13.2827 -0.465837 -0.00949559 0.884819 -263.613 
447 0.886462 -0.0223748 0.462261 -44.0033 0.0165533 0.999724 0.016646 13.9844 -0.462506 -0.00710413 0.886588 -264.418 
450 0.8892 -0.0211375 0.45703 -42.4421 0.015179 0.999745 0.0167057 13.9655 -0.457267 -0.0079174 0.889294 -266.559 
452 0.891517 -0.0210147 0.4525 -41.0769 0.0162726 0.999764 0.01437 14.7088 -0.452695 -0.0054477 0.891649 -267.746 
455 0.894411 -0.0259622 0.446491 -39.3603 0.022718 0.999662 0.012619 15.7947 -0.446668 -0.00114318 0.894699 -269.482 
458 0.897416 -0.0304501 0.440134 -37.5102 0.0267492 0.999535 0.014611 15.6739 -0.440374 -0.00133886 0.897813 -270.891 
461 0.901343 -0.0294324 0.432106 -35.0801 0.025354 0.999563 0.0151974 15.5218 -0.432364 -0.00274239 0.901695 -273.103 
464 0.906462 -0.0362193 0.42073 -31.7697 0.0310426 0.999335 0.0191482 15.0619 -0.421144 -0.00429661 0.906984 -275.052 
466 0.910151 -0.0366847 0.41265 -29.3321 0.0309573 0.999309 0.0205587 14.742 -0.413119 -0.00593702 0.910658 -276.341 
468 0.914518 -0.0335512 0.403152 -26.3996 0.0259537 0.999368 0.0242957 13.3751 -0.403712 -0.0117556 0.914811 -277.699 
470 0.918824 -0.0327098 0.393311 -23.4119 0.0243061 0.999358 0.0263299 12.7442 -0.393919 -0.0146327 0.919029 -278.964 
472 0.923118 -0.0318208 0.383198 -20.3403 0.0248499 0.999424 0.0231291 13.6752 -0.383713 -0.0118284 0.923377 -279.997 
474 0.926727 -0.0323931 0.374337 -17.6709 0.0281797 0.999463 0.0167252 15.7522 -0.374678 -0.00495097 0.927142 -281.229 
476 0.930789 -0.0329373 0.364071 -14.5783 0.0282294 0.999435 0.0182467 15.4143 -0.364466 -0.00670638 0.931192 -282.424 
478 0.934583 -0.0318774 0.354314 -11.6083 0.0252139 0.999408 0.0234088 13.8138 -0.35485 -0.0129439 0.934834 -283.652 
480 0.938535 -0.0312301 0.343768 -8.42099 0.0238854 0.999387 0.0255804 13.1423 -0.344356 -0.015797 0.938706 -284.707 
482 0.942282 -0.0334309 0.333146 -5.24286 0.0269603 0.999348 0.0240282 13.9072 -0.333732 -0.0136596 0.942569 -285.859 
484 0.945797 -0.031531 0.323226 -2.20917 0.0258564 0.999427 0.0218365 14.463 -0.323729 -0.0122954 0.94607 -286.878 
486 0.949217 -0.0294312 0.313241 0.84694 0.0237191 0.999476 0.0220314 14.2703 -0.313725 -0.0134828 0.949418 -287.895 
488 0.952923 -0.0288133 0.30184 4.3011 0.0239238 0.999516 0.019884 14.9263 -0.302267 -0.0117267 0.953151 -288.824 
490 0.956614 -0.0292664 0.289885 7.8953 0.0248732 0.999513 0.0188287 15.3576 -0.290295 -0.0108014 0.956876 -289.748 
492 0.960373 -0.0272652 0.277382 11.6987 0.0231732 0.999569 0.0180206 15.4805 -0.277754 -0.0108786 0.960591 -290.645 
494 0.96393 -0.0246012 0.265017 15.4709 0.0201 0.999604 0.0196837 14.7908 -0.265396 -0.0136468 0.964043 -291.526 
496 0.967431 -0.022746 0.25211 19.3793 0.0188095 0.999661 0.0180133 15.1849 -0.252434 -0.0126846 0.967531 -292.268 
499 0.972449 -0.0175346 0.232455 25.3945 0.0139876 0.999759 0.0168983 15.1369 -0.232695 -0.0131812 0.97246 -293.401 
501 0.975686 -0.0166644 0.218538 29.5875 0.0131505 0.99976 0.0175239 14.9401 -0.218778 -0.014224 0.975671 -294.039 
504 0.980532 -0.0166652 0.19565 36.4415 0.0133988 0.999748 0.0180067 14.912 -0.195901 -0.0150347 0.980508 -294.785 
507 0.985075 -0.0181246 0.17117 43.7357 0.0155831 0.999748 0.0161801 15.7173 -0.17142 -0.0132712 0.985109 -295.351 
509 0.987942 -0.0181607 0.153755 48.9295 0.0161224 0.999765 0.0144934 16.3039 -0.153983 -0.0118398 0.988003 -295.541 
511 0.990397 -0.0205158 0.136722 53.9503 0.0188967 0.999735 0.0131301 17.0075 -0.136955 -0.0104204 0.990522 -295.654 
513 0.992583 -0.021903 0.119577 59.0122 0.0205626 0.999711 0.0124318 17.4209 -0.119814 -0.00988084 0.992747 -295.696 
515 0.994482 -0.0215314 0.102675 64.0266 0.0203494 0.999714 0.0125452 17.4252 -0.102916 -0.0103866 0.994636 -295.684 
517 0.996098 -0.020346 0.0858809 69.0161 0.0192909 0.999728 0.013098 17.2229 -0.0861241 -0.0113901 0.996219 -295.61 
519 0.99737 -0.0190239 0.0699406 73.7459 0.0182232 0.999761 0.0120685 17.4772 -0.0701535 -0.0107622 0.997478 -295.49 
521 0.998329 -0.0182138 0.0548374 78.209 0.0176202 0.999781 0.0112883 17.7003 -0.055031 -0.0103032 0.998431 -295.33 
523 0.999024 -0.0160604 0.0411392 82.2876 0.0155924 0.99981 0.0116701 17.4604 -0.0413189 -0.0110173 0.999085 -295.283 
526 0.999656 -0.0138694 0.0222406 87.8896 0.013618 0.999842 0.0114172 17.4327 -0.0223955 -0.0111104 0.999687 -295.202 
529 0.999947 -0.00953803 0.00399128 93.3413 0.00949652 0.999902 0.0102935 17.4582 -0.00408907 -0.010255 0.999939 -295.06 
532 0.999921 -0.00285621 -0.0122547 98.2462 0.00298799 0.999938 0.0107486 16.7936 0.0122232 -0.0107844 0.999867 -295.07 
535 0.999653 0.00453089 -0.0259313 102.4 -0.00438845 0.999975 0.00554721 17.7245 0.0259557 -0.00543149 0.999648 -295.121 
537 0.999384 0.00462781 -0.0347779 105.009 -0.00459032 0.999989 0.00115788 19.0735 0.0347829 -0.000997531 0.999394 -295.159 
539 0.999074 0.00474885 -0.0427612 107.365 -0.00469155 0.999988 0.00144043 19.0413 0.0427675 -0.00123848 0.999084 -295.352 
542 0.998447 0.00629427 -0.0553566 111.097 -0.0058869 0.999954 0.00751908 17.1806 0.0554014 -0.00718152 0.998438 -295.6 
545 0.997661 0.00578591 -0.0681151 114.866 -0.00532833 0.999962 0.00689756 17.5098 0.0681524 -0.00651849 0.997654 -295.706 
548 0.996778 0.00817048 -0.0797931 118.363 -0.00758051 0.999942 0.00769385 17.1438 0.0798513 -0.00706418 0.996782 -295.89 
551 0.9958 0.00978026 -0.0910361 121.726 -0.00913058 0.99993 0.00755026 17.1224 0.0911035 -0.00668734 0.995819 -296.07 
554 0.994859 0.00932379 -0.100837 124.614 -0.0089003 0.99995 0.00464891 18.1156 0.100875 -0.00372754 0.994892 -296.318 
557 0.993987 0.0106523 -0.108979 127.078 -0.0103193 0.99994 0.00361914 18.3848 0.109011 -0.00247278 0.994037 -296.816 
560 0.993241 0.0133558 -0.1153 129.013 -0.0131235 0.99991 0.00277399 18.4682 0.115327 -0.0012421 0.993327 -297.502 
563 0.99283 0.00994363 -0.119117 130.093 -0.00964819 0.999949 0.00305672 18.7889 0.119141 -0.00188554 0.992876 -298.553 
565 0.992635 0.00991993 -0.12074 130.587 -0.00969115 0.99995 0.00248192 19.0211 0.120759 -0.00129353 0.992681 -299.328 
567 0.992579 0.0137349 -0.120823 130.686 -0.0134907 0.999905 0.0028391 18.6101 0.120851 -0.00118804 0.99267 -300.326 
569 0.992819 0.0142826 -0.118768 130.082 -0.0138627 0.999894 0.00436165 18.1545 0.118818 -0.00268389 0.992912 -301.626 
571 0.993326 0.011741 -0.114744 128.824 -0.0110561 0.999917 0.00660349 17.7663 0.114813 -0.00529078 0.993373 -303.201 
573 0.993904 0.0108696 -0.109712 127.282 -0.0100425 0.999917 0.00808917 17.4465 0.109791 -0.00693807 0.99393 -304.889 
575 0.994306 0.0120131 -0.105884 126.138 -0.0111486 0.9999 0.00875334 17.1897 0.105979 -0.00752304 0.99434 -306.395 
577 0.994683 0.0112956 -0.102366 125.05 -0.0104324 0.999905 0.00896357 17.2452 0.102457 -0.00784799 0.994706 -307.856 
579 0.995129 0.00622874 -0.0983835 123.74 -0.0053778 0.999946 0.0089121 17.7889 0.0984337 -0.0083396 0.995109 -309.414 
582 0.995776 0.00805558 -0.0914591 121.622 -0.00711816 0.999919 0.0105712 17.1779 0.0915369 -0.00987553 0.995753 -311.755 
584 0.996165 0.00789995 -0.0871367 120.276 -0.00710909 0.999931 0.00938268 17.6144 0.0872048 -0.00872723 0.996152 -313.264 
586 0.996483 0.00767053 -0.08344 119.119 -0.0071448 0.999953 0.00659745 18.5652 0.0834867 -0.00597809 0.996491 -314.662 
588 0.996913 0.00712629 -0.0781874 117.46 -0.00683218 0.999969 0.00402843 19.4828 0.0782136 -0.0034818 0.996931 -316.243 
591 0.997612 0.00919418 -0.0684466 114.419 -0.00893004 0.999951 0.00416408 19.3306 0.0684816 -0.00354291 0.997646 -318.879 
593 0.998058 0.0106475 -0.0613717 112.196 -0.0102253 0.999922 0.00718951 18.2819 0.0614435 -0.00654801 0.998089 -320.737 
595 0.998372 0.0149593 -0.0550499 110.258 -0.0144484 0.999849 0.00966691 17.1355 0.0551862 -0.00885579 0.998437 -322.478 
597 0.998751 0.00894512 -0.0491486 108.299 -0.00857601 0.999933 0.0077157 18.3794 0.0492143 -0.00728457 0.998762 -324.265 
599 0.999009 0.00659496 -0.0440087 106.547 -0.00635249 0.999964 0.00564715 19.3142 0.0440444 -0.00536199 0.999015 -325.642 
601 0.999217 0.00845586 -0.0386395 104.845 -0.00825824 0.999952 0.0052712 19.3242 0.0386822 -0.00494798 0.999239 -327.204 
603 0.999367 0.00609497 -0.0350388 103.635 -0.00589553 0.999966 0.00579249 19.4263 0.0350729 -0.00558225 0.999369 -328.613 
606 0.999576 0.00273128 -0.0289878 101.587 -0.00250439 0.999966 0.00786024 19.1337 0.0290083 -0.00778431 0.999549 -330.753 
608 0.999686 0.00158338 -0.0250073 100.259 -0.00137039 0.999963 0.0085321 19.0682 0.0250198 -0.00849515 0.999651 -332.169 
610 0.999769 0.000863845 -0.0214778 99.0951 -0.00067803 0.999962 0.00865726 19.1464 0.0214844 -0.0086407 0.999732 -333.553 
613 0.999838 -0.000986484 -0.017982 97.8938 0.00112213 0.999971 0.0075347 19.7703 0.017974 -0.00755366 0.99981 -335.332 
615 0.999832 -0.0019978 -0.0181993 97.9551 0.00210252 0.999981 0.00573671 20.5206 0.0181875 -0.00577401 0.999818 -336.268 
618 0.999795 -0.00349566 -0.0199607 98.5269 0.00364337 0.999966 0.00736838 20.1942 0.0199343 -0.00743959 0.999774 -337.606 
621 0.999775 2.18987e-05 -0.0212291 99.1509 0.000152178 0.999966 0.00819823 19.6903 0.0212286 -0.00819961 0.999741 -339.358 
624 0.999703 0.000851966 -0.024362 100.121 -0.000765942 0.999993 0.0035402 21.2606 0.0243648 -0.00352049 0.999697 -340.03 
626 0.99959 -0.000760403 -0.0286317 101.543 0.000845518 0.999995 0.00296077 21.6652 0.0286293 -0.00298376 0.999586 -340.572 
628 0.999443 -0.00132739 -0.03335 103.141 0.00145533 0.999992 0.00381256 21.4821 0.0333446 -0.00385897 0.999436 -341.1 
630 0.999282 -0.000287726 -0.0378877 104.716 0.000425648 0.999993 0.00363226 21.5033 0.0378865 -0.00364578 0.999275 -341.616 
632 0.999096 0.000722986 -0.0424966 106.317 -0.000638388 0.999998 0.00200423 22.0229 0.042498 -0.00197529 0.999095 -342.078 
634 0.998902 0.00119795 -0.0468297 107.817 -0.00109772 0.999997 0.00216584 21.9787 0.0468321 -0.00211205 0.998901 -342.594 
636 0.9987 0.000883448 -0.0509725 109.236 -0.000826836 0.999999 0.00113171 22.4159 0.0509735 -0.00108809 0.998699 -343.096 
639 0.998478 -0.00189774 -0.05512 110.693 0.00202668 0.999995 0.00228351 22.3722 0.0551155 -0.00239175 0.998477 -344.427 
642 0.998301 -0.0027848 -0.0581998 111.662 0.00288693 0.999994 0.00167077 22.7272 0.0581949 -0.00183595 0.998304 -345.253 
644 0.998117 -0.00332612 -0.0612557 112.717 0.00339787 0.999994 0.00106709 23.0422 0.0612518 -0.00127322 0.998122 -345.909 
647 0.997868 -0.00628577 -0.0649605 113.947 0.00640767 0.999978 0.00166843 23.189 0.0649486 -0.00208112 0.997886 -347.007 
650 0.997641 -0.00931081 -0.0680152 115.067 0.0093403 0.999956 0.000115664 24.0998 0.0680112 -0.000750674 0.997684 -348.347 
653 0.997337 -0.014801 -0.0714071 116.031 0.0147502 0.99989 -0.00123777 25.1457 0.0714176 0.000181201 0.997446 -349.198 
656 0.997093 -0.0151136 -0.0746842 117.186 0.0157428 0.999845 0.00784347 22.0793 0.0745541 -0.00899641 0.997176 -350.488 
660 0.996643 -0.0139654 -0.0806728 119.334 0.0151066 0.999794 0.0135531 20.0762 0.0804669 -0.0147263 0.996648 -351.84 
663 0.996567 -0.0102565 -0.0821551 119.958 0.0110442 0.999897 0.00913941 21.3842 0.0820529 -0.0100154 0.996578 -353.035 
666 0.99652 -0.00629185 -0.0831185 120.406 0.00686732 0.999954 0.00663938 21.9942 0.083073 -0.00718707 0.996518 -354.325 
669 0.99638 -0.00557714 -0.0848291 121.047 0.00611028 0.999963 0.00602654 22.2268 0.0847923 -0.00652306 0.996377 -355.573 
671 0.996302 -0.00587356 -0.085722 121.375 0.0065136 0.999953 0.00718867 21.894 0.0856757 -0.00772044 0.996293 -356.485 
674 0.996233 -0.00564728 -0.0865328 121.689 0.00639664 0.999944 0.00838499 21.5252 0.0864806 -0.00890692 0.996214 -357.872 
677 0.996139 -0.0026026 -0.0877513 122.261 0.00307683 0.999981 0.00526942 22.4541 0.0877359 -0.00551907 0.996128 -359.122 
680 0.995981 -0.00323949 -0.0895026 122.845 0.00380199 0.999974 0.00611491 22.2871 0.0894804 -0.00643062 0.995968 -360.355 
683 0.995915 -0.0045234 -0.0901821 123.077 0.005526 0.999926 0.010871 20.7598 0.0901262 -0.0113249 0.995866 -361.829 
686 0.995915 -0.00575731 -0.0901159 123.04 0.00669213 0.999927 0.0100748 21.2373 0.0900513 -0.0106367 0.99588 -363.295 
688 0.995966 -0.00548306 -0.0895634 122.884 0.00616533 0.999954 0.00734289 22.2626 0.089519 -0.00786546 0.995954 -364.242 
691 0.996023 -0.00264783 -0.0890592 122.756 0.00318052 0.999978 0.00583986 22.6419 0.0890418 -0.00609989 0.996009 -365.763 
694 0.996061 0.00291837 -0.0886219 122.739 -0.0024773 0.999984 0.00508655 22.4973 0.0886354 -0.00484697 0.996052 -367.239 
697 0.996119 0.0076842 -0.0876802 122.511 -0.00741134 0.999967 0.00343706 22.759 0.0877036 -0.00277389 0.996143 -368.758 
700 0.996249 0.0103057 -0.085914 121.928 -0.0100306 0.999943 0.00363328 22.5303 0.0859466 -0.00275788 0.996296 -370.42 
703 0.996404 0.00991066 -0.08415 121.271 -0.00961194 0.999946 0.00395432 22.5254 0.0841847 -0.00313126 0.996445 -372.099 
706 0.996503 0.0134622 -0.0824714 120.737 -0.012915 0.999891 0.00716412 21.0869 0.0825589 -0.00607394 0.996568 -373.817 
708 0.996561 0.0139558 -0.0816745 120.457 -0.0134325 0.999886 0.00695327 21.1746 0.0817622 -0.00583227 0.996635 -374.885 
710 0.99658 0.0151169 -0.0812378 120.33 -0.0146657 0.999874 0.00614825 21.4284 0.0813205 -0.00493582 0.996676 -375.904 
712 0.996674 0.0132691 -0.0804031 119.981 -0.0129793 0.999907 0.00412526 22.4117 0.0804503 -0.00306796 0.996754 -376.956 
714 0.996733 0.0140039 -0.0795494 119.685 -0.0137078 0.999897 0.00426755 22.3457 0.079601 -0.00316316 0.996822 -378.046 
717 0.996843 0.0109836 -0.0786292 119.275 -0.0106439 0.999932 0.00473769 22.5179 0.0786759 -0.00388581 0.996893 -379.649 
720 0.996957 0.00712762 -0.0776231 118.815 -0.00686889 0.99997 0.00359958 23.3765 0.0776464 -0.00305544 0.996976 -381.219 
723 0.99708 0.00195914 -0.0763377 118.263 -0.00180903 0.999996 0.0020355 24.5322 0.0763414 -0.00189146 0.99708 -383.066 
726 0.997181 -0.00572365 -0.0748133 117.449 0.00570988 0.999984 -0.000397944 26.2164 0.0748143 -3.03525e-05 0.997197 -384.437 
728 0.997212 -0.0116699 -0.0737069 116.881 0.0116454 0.999932 -0.000762477 26.9394 0.0737108 -9.79927e-05 0.99728 -385.557 
730 0.997358 -0.00965228 -0.0719925 116.282 0.0100754 0.999934 0.00551696 24.3962 0.0719345 -0.00622774 0.99739 -387.009 
732 0.997447 -0.0099283 -0.07072 115.785 0.0107946 0.999871 0.0118785 21.9988 0.070593 -0.0126116 0.997425 -388.188 
734 0.997502 -0.0114376 -0.0697102 115.364 0.0123014 0.999853 0.011975 22.1407 0.069563 -0.0128027 0.997495 -389.33 
737 0.997751 -0.0106388 -0.0661804 114.079 0.0109224 0.999933 0.00392397 25.3162 0.0661342 -0.00463799 0.9978 -391.285 
739 0.997924 -0.00509487 -0.0641976 113.392 0.00557267 0.999958 0.00726578 23.5632 0.0641578 -0.00760845 0.997911 -392.342 
741 0.997997 -0.00479878 -0.0630807 112.971 0.00561055 0.999904 0.012698 21.4546 0.0630136 -0.0130265 0.997928 -393.611 
743 0.998106 -0.00415558 -0.0613829 112.335 0.00504221 0.999885 0.0142963 20.8184 0.0613164 -0.0145787 0.998012 -394.905 
746 0.998312 -0.00117851 -0.0580747 111.117 0.00185429 0.999931 0.0115838 21.7125 0.0580571 -0.011672 0.998245 -396.728 
749 0.998427 -0.000237097 -0.0560641 110.352 0.000974202 0.999913 0.0131206 21.1012 0.0560561 -0.0131546 0.998341 -398.457 
752 0.998457 0.000776657 -0.0555305 110.22 -4.35801e-06 0.999903 0.0139064 20.7848 0.0555359 -0.0138847 0.99836 -400.105 
756 0.998516 0.00273025 -0.0543953 109.791 -0.00222262 0.999953 0.00939052 22.5291 0.0544184 -0.00925568 0.998475 -402.057 
759 0.998528 0.00432024 -0.0540639 109.713 -0.00375161 0.999937 0.0106148 21.9807 0.0541064 -0.0103963 0.998481 -403.634 
763 0.998561 0.00472294 -0.0534139 109.477 -0.00443025 0.999975 0.00559678 24.0853 0.053439 -0.00535209 0.998557 -405.601 
765 0.998556 0.00285003 -0.0536451 109.535 -0.00264186 0.999989 0.00395105 24.9802 0.0536558 -0.00380363 0.998552 -406.556 
768 0.998531 0.0038505 -0.0540404 109.733 -0.0035045 0.999973 0.00649588 23.9418 0.0540639 -0.00629696 0.998518 -408.065 
771 0.998559 0.00364836 -0.0535378 109.535 -0.00325644 0.999967 0.00740593 23.6692 0.0535631 -0.00722092 0.998538 -409.632 
774 0.998633 -0.000623329 -0.0522593 108.917 0.000866896 0.999989 0.00463821 25.2594 0.0522558 -0.00467717 0.998623 -411.215 
777 0.998745 -0.00224274 -0.0500439 107.978 0.00244787 0.999989 0.00403815 25.7316 0.0500343 -0.00415558 0.998739 -412.943 
779 0.998811 -0.00339553 -0.048642 107.384 0.00362279 0.999983 0.0045847 25.6575 0.0486256 -0.00475547 0.998806 -414.035 
781 0.998854 -0.00621266 -0.0474593 106.824 0.00643329 0.999969 0.00449737 25.9952 0.0474299 -0.00479753 0.998863 -415.219 
784 0.998918 -0.0108669 -0.0452283 105.785 0.0109522 0.999939 0.00163855 27.6721 0.0452077 -0.00213213 0.998975 -416.867 
786 0.99897 -0.0108013 -0.0440814 105.318 0.0109438 0.999936 0.00299203 27.1581 0.0440462 -0.00347137 0.999023 -418.001 
788 0.999008 -0.0118523 -0.0429132 104.809 0.0120197 0.999921 0.00364421 27.0323 0.0428667 -0.0041564 0.999072 -419.109 
790 0.999001 -0.0151606 -0.0420362 104.362 0.0153001 0.999878 0.00299824 27.6427 0.0419857 -0.00363841 0.999112 -420.161 
792 0.999091 -0.0164961 -0.0393094 103.187 0.0164967 0.999864 -0.000308806 29.2031 0.0393092 -0.000339949 0.999227 -421.332 
794 0.999073 -0.0224296 -0.0367385 101.945 0.0223593 0.999747 -0.0023247 30.6221 0.0367813 0.0015011 0.999322 -422.516 
796 0.999182 -0.0211954 -0.0344322 101.008 0.0212088 0.999775 2.23003e-05 29.5768 0.0344239 -0.000752546 0.999407 -423.81 
798 0.999168 -0.0229655 -0.0337116 100.67 0.023149 0.999719 0.00506279 27.6515 0.0335858 -0.00583897 0.999419 -424.998 
800 0.99918 -0.0223241 -0.0337896 100.73 0.0227237 0.999676 0.0114899 24.9134 0.0335221 -0.0122483 0.999363 -426.134 
803 0.999238 -0.0206251 -0.0331503 100.516 0.02103 0.999708 0.0119144 24.6622 0.0328949 -0.0126025 0.999379 -427.665 
806 0.999346 -0.015695 -0.0325741 100.417 0.0159743 0.999838 0.00833039 25.8545 0.0324381 -0.0088453 0.999435 -429.077 
808 0.999401 -0.0138375 -0.0317246 100.113 0.0141258 0.999861 0.00888158 25.5127 0.0315973 -0.00932439 0.999457 -430.136 
811 0.99952 -0.0112503 -0.028874 98.9717 0.0116209 0.999852 0.0126996 23.7217 0.0287268 -0.013029 0.999502 -431.952 
813 0.999583 -0.0104871 -0.0269045 98.1481 0.0108364 0.999858 0.012873 23.6262 0.0267657 -0.0131592 0.999555 -433.073 
816 0.999685 -0.00778629 -0.0238418 96.9088 0.00808769 0.999888 0.0125716 23.6026 0.0237413 -0.0127604 0.999637 -434.845 
818 0.999751 -0.00470946 -0.0218214 96.1247 0.00495424 0.999925 0.011177 23.9937 0.0217671 -0.0112823 0.999699 -436.051 
820 0.999793 -0.002847 -0.0201421 95.4522 0.00308551 0.999925 0.0118204 23.6044 0.0201069 -0.0118801 0.999727 -437.105 
822 0.999845 0.00237906 -0.017448 94.4256 -0.00215978 0.999919 0.0125759 22.8726 0.0174765 -0.0125362 0.999769 -438.332 
824 0.999899 0.00210874 -0.0140625 92.9405 -0.00195204 0.999936 0.011148 23.5702 0.0140852 -0.0111194 0.999839 -439.582 
826 0.999941 0.00139876 -0.0107347 91.4704 -0.00132095 0.999973 0.00725146 25.3956 0.0107446 -0.00723686 0.999916 -440.758 
828 0.999966 0.00156023 -0.00815154 90.3462 -0.00151392 0.999983 0.00568467 26.1272 0.00816027 -0.00567214 0.999951 -441.908 
830 0.999979 0.00149066 -0.00632065 89.5393 -0.00145209 0.99998 0.00610325 26.0066 0.00632962 -0.00609394 0.999961 -443.156 
832 0.999977 -8.05801e-05 -0.00681173 89.7201 0.000136564 0.999966 0.00821866 25.2538 0.00681083 -0.0082194 0.999943 -443.993 
834 0.99997 -0.000894616 -0.007686 90.0905 0.000957908 0.999966 0.0082349 25.3715 0.00767837 -0.00824202 0.999937 -444.869 
836 0.999962 -0.000156803 -0.00869387 90.5625 0.000230381 0.999964 0.00846277 25.2603 0.00869223 -0.00846446 0.999926 -445.725 
839 0.999962 0.000160007 -0.00867545 90.5696 -9.2394e-05 0.99997 0.00779345 25.6068 0.00867643 -0.00779236 0.999932 -447.001 
842 0.999984 0.0016858 -0.00546916 89.1904 -0.00164037 0.999964 0.00829976 25.3333 0.00548295 -0.00829066 0.999951 -448.755 
845 0.999994 0.00178461 -0.00301455 88.1048 -0.00176063 0.999967 0.00793902 25.5624 0.00302862 -0.00793366 0.999964 -450.31 
848 0.999997 0.00255376 -1.4639e-05 86.7905 -0.00255361 0.999975 0.00657219 26.1794 3.14224e-05 -0.00657213 0.999978 -451.717 
852 0.999986 0.00316692 0.00429837 84.8693 -0.00317514 0.999993 0.0019061 28.3415 -0.0042923 -0.00191972 0.999989 -453.789 
855 0.999989 0.000382051 0.00465981 84.6362 -0.0003765 0.999999 -0.00119196 30.0634 -0.00466027 0.00119019 0.999988 -454.97 
858 0.999996 0.000291984 0.00271491 85.5233 -0.000289345 0.999999 -0.000972571 30.0454 -0.00271519 0.000971782 0.999996 -456.019 
861 0.999999 -0.00100948 0.00124397 86.1614 0.00100651 0.999997 0.00238882 28.6848 -0.00124638 -0.00238756 0.999996 -457.029 
864 0.999997 -0.00122289 0.00228401 85.6912 0.00121818 0.999997 0.00206292 28.9285 -0.00228653 -0.00206013 0.999995 -458.404 
867 0.999991 -0.00351917 0.0021603 85.687 0.00351198 0.999988 0.00332197 28.6192 -0.00217196 -0.00331436 0.999992 -459.563 
870 0.999986 -0.00498784 0.00151834 85.9461 0.00498079 0.999977 0.00461282 28.2199 -0.00154131 -0.0046052 0.999988 -460.652 
873 0.999978 -0.00596016 0.00280676 85.3304 0.00594541 0.999969 0.00523267 28.0805 -0.00283786 -0.00521587 0.999982 -461.862 
876 0.999951 -0.00885584 0.00439031 84.5643 0.00883317 0.999948 0.00515676 28.4471 -0.00443575 -0.00511773 0.999977 -463.419 
879 0.999926 -0.0110171 0.00513343 84.1224 0.0109938 0.999929 0.00454486 28.9661 -0.00518314 -0.00448809 0.999976 -464.145 
881 0.999937 -0.00915693 0.00650709 83.5441 0.00913273 0.999951 0.00373812 29.2203 -0.00654101 -0.00367846 0.999972 -464.922 
883 0.999912 -0.00999959 0.00871358 82.4999 0.00996511 0.999942 0.00399123 29.2153 -0.00875299 -0.00390404 0.999954 -465.784 
